1
0 7 7
1 8 8
0 9 7
1 7 8
0 9 9
1 8 7
0 8 6
1 5 9
0 10 8
1 7 5
0 11 9
1 12 10
0 7 11
1 8 10
0 6 9
1 8 9
0 8 11
1 9 11
0 6 8
1 5 10
0 6 7
1 6 10
0 9 10
1 7 10
0 4 10
1 9 8
0 10 7
1 10 9
0 7 6
1 6 6
0 5 11
1 6 11
0 5 12
1 10 12
0 11 13
1 12 11
0 11 10
1 11 11
0 9 13
1 12 8
0 12 9
1 5 7
0 8 4
1 13 9
0 14 8
1 5 8
0 5 6
1 3 9
0 4 8
1 10 11
0 13 11
1 10 13
0 10 10
1 10 6
0 11 7
1 11 8
0 4 9
1 4 11
0 13 10
1 12 7
0 13 6
1 12 6
0 10 4
1 9 5
0 8 3
1 7 4
0 8 5
1 8 2
0 12 12
1 14 10
0 4 7
1 4 6
0 10 3
1 9 4
0 6 12
1 12 5
0 12 4
1 9 3
0 9 2
1 10 5
0 3 8
1 2 9
0 8 12
1 7 12
0 9 14
1 13 5
0 11 5
1 9 6
0 11 4
1 7 3
0 6 4
1 7 1
0 7 2
1 3 10
0 7 13
1 8 14
0 11 6
1 11 3
0 8 1
1 7 0
0 5 4
1 6 3
0 5 13
1 1 8
0 0 7
1 6 13
0 13 12
1 14 12
0 13 4
1 14 4
0 3 4
1 2 4
0 4 5
1 2 3
0 13 13
1 13 14
0 3 5
1 2 5
0 2 2
1 14 11
0 14 13
1 3 12
0 3 6
1 3 7
0 3 3
1 3 2
0 4 4
1 1 1
0 3 1
1 4 1
0 1 4
1 2 6
0 2 7
1 1 11
0 0 5
1 1 6
0 10 1
1 1 9
0 2 8
1 1 7
0 1 5
1 1 10
