1
0 7 7
1 7 6
0 6 5
1 6 7
0 5 9
1 8 6
0 8 5
1 7 5
0 6 6
1 6 4
0 5 3
1 5 5
0 6 2
1 7 3
0 8 2
1 3 7
0 4 6
1 3 4
0 4 7
1 5 6
0 4 5
1 4 4
0 5 4
1 7 2
0 7 4
1 9 7
0 10 8
1 6 3
0 5 2
1 8 3
0 4 9
1 4 8
0 6 9
1 3 9
0 5 1
1 5 0
0 5 10
1 5 8
0 3 8
1 6 11
0 4 11
1 7 8
0 2 7
1 1 6
0 1 8
1 3 6
0 2 9
1 3 10
0 1 10
1 0 11
0 2 10
1 2 8
0 3 12
1 2 13
0 4 13
1 2 11
0 4 10
1 4 12
0 3 2
1 8 9
0 9 10
1 9 8
0 8 8
1 10 7
0 7 10
1 8 10
0 3 1
1 2 1
0 9 9
1 10 10
0 6 8
1 3 11
0 2 2
1 4 2
0 5 13
1 9 4
0 6 1
1 11 6
0 10 5
1 12 5
