1
0 7 7
1 8 6
0 7 5
1 8 4
0 8 7
1 7 6
0 9 6
1 8 5
0 9 3
1 8 3
0 8 2
1 9 7
0 10 4
1 7 1
0 9 5
1 9 4
0 10 3
1 10 5
0 7 2
1 9 2
0 11 3
1 10 1
0 7 4
1 6 7
0 5 8
1 11 6
0 12 7
1 11 5
0 13 3
1 12 3
0 13 1
1 12 2
0 12 4
1 10 2
0 11 2
1 11 7
0 11 8
1 5 6
0 13 4
1 13 2
0 11 4
1 14 4
0 4 8
1 6 6
0 4 6
1 4 5
0 7 8
1 6 8
0 6 5
1 6 9
0 6 10
1 13 5
0 10 9
1 13 6
0 12 6
1 12 5
0 14 5
1 3 4
0 2 3
1 2 7
0 3 7
1 5 9
0 3 8
1 2 8
0 8 10
1 9 10
0 11 1
1 11 0
0 10 11
1 3 9
0 4 9
1 4 10
0 5 11
1 1 7
0 0 6
1 3 11
0 2 12
1 1 8
0 5 4
1 3 6
0 0 9
1 8 9
0 2 4
1 9 8
0 10 7
1 9 9
0 7 9
1 9 11
