0
0 7 7
1 8 8
0 9 7
1 7 8
0 6 8
1 8 6
0 8 7
1 6 7
0 5 6
1 7 6
0 9 6
1 9 8
0 10 7
1 11 7
0 10 5
1 5 8
0 8 5
1 11 8
0 10 8
1 10 6
0 7 4
1 6 3
0 8 3
1 6 5
0 9 5
1 11 5
0 11 6
1 9 4
0 6 4
1 5 4
0 4 6
1 4 3
0 3 2
1 4 9
0 3 10
1 3 6
0 4 5
1 4 7
0 2 5
1 3 5
0 11 4
1 12 3
0 3 7
1 5 5
0 2 3
1 5 3
0 1 2
1 3 4
0 2 2
1 5 2
0 5 1
1 2 4
0 4 4
1 6 9
0 7 10
1 5 9
0 3 9
1 5 10
0 5 11
1 3 8
0 6 11
1 8 9
0 7 9
1 4 11
0 3 12
1 9 10
0 10 11
1 6 1
0 7 0
1 1 6
0 2 7
1 4 8
0 4 10
1 2 8
0 1 8
1 4 2
0 8 10
1 5 7
0 6 12
1 7 13
0 7 11
1 9 9
0 9 11
1 8 11
0 10 12
