0
0 7 7
1 6 7
0 6 6
1 5 5
0 5 7
1 7 5
0 6 5
1 6 4
0 8 6
1 4 6
0 7 3
1 3 7
0 2 8
1 5 4
0 7 6
1 9 6
0 9 5
1 10 4
0 8 4
1 10 6
0 8 3
1 8 5
0 7 4
1 5 6
0 5 3
1 6 3
0 4 5
1 10 5
0 10 3
1 11 4
0 8 7
1 10 7
0 10 8
1 12 4
0 13 4
1 11 5
0 13 3
1 12 3
0 13 2
1 13 5
0 11 3
1 9 3
0 12 6
1 12 5
0 14 5
1 11 8
0 12 9
1 11 7
0 11 6
1 12 7
0 13 7
1 10 9
0 9 10
1 7 1
0 8 2
1 12 2
0 12 1
1 8 8
0 9 7
1 8 1
0 11 2
1 7 2
0 9 0
1 5 1
0 6 1
1 13 0
0 13 6
1 11 9
0 11 10
1 2 6
0 10 11
1 9 12
0 13 8
1 14 7
0 10 10
1 12 10
0 11 12
1 8 9
0 12 13
1 13 14
0 13 9
1 13 10
0 5 9
1 6 8
0 7 10
1 8 10
0 10 1
1 9 2
0 11 1
1 13 1
0 11 11
1 7 9
0 9 9
1 9 11
0 10 12
1 3 6
0 1 6
1 5 8
0 7 8
1 2 5
0 4 7
1 1 5
0 12 12
1 13 13
0 13 12
1 14 12
0 10 13
1 10 14
0 4 8
1 11 14
0 12 14
1 2 4
0 2 3
1 4 2
0 3 3
1 3 5
0 3 8
1 1 3
0 0 2
1 4 4
0 3 4
1 8 12
0 8 11
1 1 7
0 0 8
1 1 8
0 4 9
1 2 7
0 3 9
1 2 10
0 2 9
1 1 9
0 6 9
