0
0 7 7
1 6 8
0 6 6
1 8 8
0 4 7
1 5 7
0 4 6
1 5 8
0 7 8
1 7 6
0 8 9
1 4 8
0 2 6
1 5 6
0 5 9
1 4 9
0 6 7
1 3 8
0 2 8
1 2 9
0 5 5
1 3 7
0 3 9
1 5 10
0 2 7
1 4 11
0 7 10
1 4 10
0 4 12
1 3 10
0 5 12
1 9 8
0 2 10
1 3 12
0 2 13
1 6 11
0 7 12
1 3 14
0 4 4
1 3 3
0 3 5
1 5 3
0 4 5
1 4 3
0 2 3
1 6 5
0 8 7
1 2 5
0 1 7
1 0 8
0 9 7
1 10 7
0 2 11
1 1 8
0 0 7
1 6 3
0 7 3
1 6 12
0 5 13
1 3 11
0 3 13
1 6 13
0 6 10
1 5 11
0 7 11
1 7 9
0 1 13
1 4 13
0 8 12
1 9 13
0 7 13
1 7 14
0 3 4
1 6 4
0 9 10
1 10 11
0 10 10
1 8 10
0 9 11
1 6 14
0 11 9
