0
0 7 7
1 6 7
0 6 8
1 5 9
0 5 7
1 7 9
0 6 9
1 6 10
0 8 8
1 4 8
0 7 11
1 3 7
0 2 6
1 5 10
0 7 8
1 9 8
0 9 9
1 10 10
0 8 10
1 10 8
0 8 11
1 8 9
0 7 10
1 5 8
0 5 11
1 6 11
0 4 9
1 10 9
0 10 11
1 11 10
0 8 7
1 10 7
0 10 6
1 12 10
0 13 10
1 11 9
0 13 11
1 12 11
0 13 12
1 13 9
0 11 11
1 9 11
0 12 8
1 12 9
0 14 9
1 11 6
0 12 5
1 11 7
0 11 8
1 12 7
0 13 7
1 10 5
0 9 4
1 7 13
0 8 12
1 12 12
0 12 13
1 8 6
0 9 7
1 8 13
0 11 12
1 7 12
0 9 14
1 5 13
0 6 13
1 13 14
0 13 8
1 11 5
0 11 4
1 2 8
0 10 3
1 9 2
0 13 6
1 14 7
0 10 4
1 12 4
0 11 2
1 8 5
0 12 1
1 13 0
0 13 5
1 13 4
0 5 5
1 6 6
0 7 4
1 8 4
0 10 13
1 9 12
0 11 13
1 13 13
0 11 3
1 7 5
0 9 5
1 9 3
0 10 2
1 3 8
0 1 8
1 5 6
0 7 6
1 2 9
0 4 7
1 1 9
0 12 2
1 13 1
0 13 2
1 14 2
0 10 1
1 10 0
0 4 6
1 11 0
0 12 0
1 2 10
0 2 11
1 4 12
0 3 11
1 3 9
0 3 6
1 1 11
0 0 12
1 4 10
0 3 10
1 8 2
0 8 3
1 1 7
0 0 6
1 1 6
0 4 5
1 2 7
0 3 5
1 2 4
0 2 5
1 1 5
0 6 5
