1
0 7 7
1 6 6
0 8 6
1 6 8
0 7 5
1 7 8
0 6 4
1 9 7
0 6 7
1 5 6
0 5 7
1 4 7
0 5 3
1 4 2
0 8 5
1 4 3
0 6 5
1 5 5
0 5 8
1 7 6
0 9 5
1 10 5
0 7 4
1 8 4
0 10 4
1 11 3
0 9 6
1 6 3
0 10 7
1 11 8
0 3 1
1 4 4
0 4 5
1 11 6
0 4 1
1 2 1
0 3 2
1 13 8
0 12 7
1 12 8
0 10 8
1 11 7
0 11 5
1 3 6
0 4 6
1 2 4
0 3 3
1 3 4
0 1 4
1 2 3
0 2 2
1 13 9
0 10 9
1 10 10
0 13 7
1 12 6
0 1 3
1 1 6
0 2 5
1 11 10
0 11 9
1 8 8
0 14 10
1 12 9
0 10 11
1 6 10
0 7 9
1 12 10
0 9 10
1 12 12
0 12 11
1 11 11
0 9 9
1 8 9
0 10 12
1 13 6
0 1 2
1 1 1
0 9 11
1 9 12
0 8 10
1 11 13
0 10 6
1 13 13
0 14 14
1 6 12
0 11 12
1 3 0
0 13 10
1 10 13
0 12 13
1 13 14
0 14 8
1 6 11
0 6 9
1 2 8
0 14 7
1 14 9
0 8 3
1 4 0
0 9 2
1 10 1
0 11 4
1 6 13
0 6 14
1 5 12
0 7 10
1 3 10
0 4 11
1 6 0
0 7 0
1 7 12
0 8 12
1 13 3
0 9 4
1 9 3
0 10 3
1 8 1
0 2 0
1 5 10
0 8 13
1 5 13
0 5 11
1 3 12
0 4 12
1 13 5
0 14 6
1 4 10
0 2 10
1 4 9
0 3 8
1 3 13
0 4 13
1 3 11
0 3 9
1 3 14
