0
0 7 7
1 7 8
0 8 6
1 6 8
0 5 7
1 6 7
0 7 10
1 6 6
0 6 9
1 5 8
0 8 8
1 8 7
0 8 9
1 9 8
0 7 6
1 5 9
0 6 10
1 6 4
0 6 5
1 9 7
0 5 10
1 8 10
0 9 9
1 10 9
0 10 10
1 11 11
0 9 6
1 11 10
0 12 11
1 3 8
0 4 8
1 11 9
0 11 12
1 11 8
0 11 7
1 10 8
0 13 10
1 10 13
0 12 7
1 12 10
0 13 11
1 12 8
0 13 8
1 13 9
0 10 12
1 11 6
0 12 12
1 9 12
0 13 12
1 14 12
0 13 13
1 13 14
0 11 13
1 14 9
0 12 9
1 14 10
0 14 11
1 9 11
0 12 13
1 10 7
0 12 14
1 10 5
0 10 6
1 12 5
0 13 4
1 8 11
0 3 10
1 4 10
0 2 10
1 9 5
0 13 5
1 8 5
0 11 5
1 7 11
0 10 11
1 9 10
0 7 12
1 2 12
0 3 11
1 9 13
0 9 14
1 8 13
0 13 3
1 13 6
0 12 4
1 14 2
0 5 13
1 4 12
0 4 11
1 3 12
0 5 12
1 6 13
0 7 13
1 1 11
0 5 11
1 5 14
0 6 11
1 2 11
0 4 13
