1
0 7 7
1 7 6
0 6 6
1 5 5
0 7 5
1 5 7
0 5 6
1 4 6
0 6 4
1 6 8
0 3 5
1 7 9
0 8 10
1 4 7
0 6 5
1 6 3
0 5 3
1 4 2
0 4 4
1 6 2
0 3 4
1 5 4
0 7 2
1 3 7
0 2 7
1 2 8
0 1 9
1 4 5
0 9 7
1 8 6
0 8 7
1 10 7
0 4 8
1 6 9
0 1 7
1 2 6
0 1 6
1 1 8
0 2 5
1 4 3
0 3 2
1 3 3
0 4 9
1 3 8
0 3 9
1 2 9
0 1 4
1 6 10
0 6 11
1 7 10
0 5 8
1 7 11
0 7 12
1 3 10
0 4 11
1 8 9
0 9 9
1 9 8
0 11 6
1 1 10
0 0 11
1 5 10
0 4 10
1 4 12
0 5 11
1 8 12
0 9 13
1 3 11
0 2 4
1 0 4
0 2 3
1 4 1
0 1 3
1 1 5
0 7 13
1 6 12
0 8 13
1 6 13
0 2 1
1 2 2
0 10 13
1 11 13
0 8 8
1 10 10
0 9 12
1 5 13
0 2 10
1 7 4
0 9 6
1 5 2
0 3 0
1 8 5
