1
0 7 7
1 8 6
0 7 5
1 8 4
0 6 7
1 8 7
0 8 5
1 7 6
0 6 5
1 9 5
0 10 6
1 7 4
0 8 8
1 6 6
0 5 6
1 4 5
0 9 4
1 5 4
0 9 7
1 7 9
0 7 8
1 3 6
0 6 3
1 4 4
0 6 4
1 3 5
0 11 5
1 12 4
0 5 8
1 9 8
0 4 8
1 6 8
0 5 7
1 5 9
0 4 7
1 3 7
0 3 4
1 3 8
0 3 9
1 2 7
0 1 8
1 2 6
0 6 2
1 6 1
0 1 7
1 2 5
0 2 8
1 4 10
0 1 5
1 1 6
0 4 9
1 4 2
0 4 3
1 11 3
0 3 10
1 2 11
0 3 11
1 13 5
0 10 2
1 10 4
0 12 2
1 10 9
0 11 10
1 8 0
0 11 6
1 8 3
0 8 2
1 11 2
0 2 10
1 1 11
0 4 11
1 2 9
0 9 1
1 7 3
0 3 12
1 3 13
0 6 9
1 5 10
0 5 2
1 9 2
0 4 12
1 1 9
0 5 13
1 6 14
0 10 11
1 9 10
0 4 14
1 10 3
0 9 3
1 11 4
0 13 6
1 8 1
0 7 0
1 12 5
