0
0 7 7
1 6 6
0 5 7
1 4 7
0 7 9
1 6 8
0 6 5
1 5 8
0 7 8
1 7 10
0 6 9
1 4 5
0 5 10
1 8 7
0 4 6
1 8 9
0 5 11
1 8 8
0 8 10
1 8 5
0 8 6
1 10 7
0 9 8
1 6 11
0 4 13
1 7 6
0 9 4
1 4 9
0 6 7
1 9 6
0 7 4
1 3 6
0 5 12
1 5 13
0 10 4
1 11 4
0 6 4
1 8 4
0 5 3
1 7 5
0 3 12
1 4 11
0 4 12
1 2 12
0 7 3
1 5 5
0 8 3
1 9 3
0 10 2
1 10 1
0 7 2
1 10 5
0 12 3
1 9 2
0 12 5
1 4 10
0 4 8
1 9 5
0 11 5
1 2 7
0 5 4
1 11 8
0 12 9
1 2 5
0 1 4
1 1 8
0 0 9
1 3 4
0 3 5
1 7 1
0 2 3
1 3 11
0 5 9
1 2 6
0 2 8
1 6 10
0 4 3
1 6 3
0 1 3
1 2 4
0 3 3
