1
0 7 7
1 6 8
0 7 9
1 7 10
0 9 7
1 6 10
0 5 10
1 8 8
0 7 8
1 8 7
0 8 9
1 6 9
0 6 7
1 9 10
0 7 6
1 7 5
0 5 7
1 6 11
0 6 12
1 10 10
0 8 10
1 5 8
0 8 11
1 9 9
0 5 6
1 4 5
0 4 7
1 3 7
0 8 12
1 8 13
0 5 12
1 9 12
0 9 11
1 4 8
0 5 9
1 3 8
0 2 8
1 11 10
0 10 11
1 11 11
0 12 12
1 12 10
0 13 10
1 13 9
0 10 12
1 11 13
0 11 12
1 10 13
0 9 13
1 5 5
0 6 5
1 3 6
0 3 9
1 5 11
0 6 6
1 9 6
0 4 12
1 7 12
0 7 4
1 8 3
0 6 4
1 6 3
0 5 4
1 8 4
0 13 12
1 14 12
0 3 4
1 4 4
0 3 3
1 3 2
0 3 12
1 2 12
0 4 13
1 7 3
0 9 3
1 4 2
0 4 3
1 6 2
0 5 2
1 6 1
0 10 6
1 5 1
0 4 0
1 9 5
