1
0 7 7
1 7 6
0 8 8
1 6 6
0 5 7
1 6 7
0 6 8
1 8 6
0 5 6
1 5 8
0 4 9
1 8 5
0 9 4
1 8 4
0 8 3
1 10 6
0 9 6
1 9 5
0 7 3
1 10 5
0 7 5
1 10 3
0 10 4
1 11 7
0 12 8
1 11 5
0 12 5
1 12 4
0 13 3
1 11 6
0 11 4
1 3 6
0 4 8
1 11 8
0 11 9
1 4 7
0 6 9
1 7 9
0 9 11
1 10 10
0 5 3
1 6 3
0 8 7
1 6 4
0 6 5
1 10 9
0 5 10
1 7 8
0 7 4
1 9 2
0 7 2
1 7 1
0 6 1
1 5 0
0 5 5
1 5 4
0 3 5
1 4 5
0 2 7
1 6 11
0 4 4
1 2 6
0 2 4
1 4 6
0 9 10
1 10 8
0 10 7
1 1 6
0 0 6
1 2 5
0 1 4
1 13 5
0 12 6
1 10 12
0 10 11
1 3 4
0 4 3
1 10 2
0 11 3
1 12 9
0 12 13
1 11 12
0 8 0
1 11 2
0 13 2
1 11 11
0 12 12
1 9 13
0 13 9
1 13 4
0 12 2
1 12 3
0 10 1
1 11 1
0 12 11
1 11 13
0 11 10
1 12 10
0 8 14
1 8 12
0 13 1
1 14 0
0 8 10
1 7 12
0 9 12
1 7 11
0 7 10
1 6 10
0 5 9
1 10 14
