0
0 7 7
1 6 6
0 5 7
1 7 6
0 8 6
1 6 8
0 6 5
1 6 7
0 8 7
1 6 9
0 6 10
1 5 8
0 8 5
1 8 8
0 9 8
1 4 8
0 7 8
1 3 8
0 2 8
1 3 10
0 4 9
1 8 4
0 9 5
1 7 5
0 1 9
1 9 3
0 10 2
1 7 10
0 4 7
1 8 11
0 9 12
1 3 7
0 3 9
1 2 9
0 4 10
1 5 11
0 1 7
1 0 6
0 9 7
1 9 6
0 1 8
1 1 6
0 10 7
1 11 7
0 10 4
1 11 3
0 10 8
1 7 11
0 6 11
1 1 5
0 2 6
1 10 3
0 12 3
1 7 12
0 7 13
1 7 3
0 8 3
1 10 9
0 9 10
1 11 9
0 9 4
1 11 6
0 11 8
1 13 9
0 12 9
1 11 5
0 11 4
1 12 8
0 10 6
1 10 5
0 6 1
1 10 10
0 9 11
1 9 9
0 8 9
1 10 11
0 7 2
1 5 0
0 9 2
1 7 4
0 8 2
1 6 2
0 11 2
