2
0 7 7
1 8 6
0 9 7
1 6 7
0 9 9
1 6 6
0 7 9
1 6 5
0 6 8
1 8 10
0 9 6
1 9 8
0 8 8
1 10 6
0 7 8
1 7 6
0 8 7
1 6 9
0 7 10
1 7 11
0 10 10
1 11 11
0 5 8
1 4 8
0 10 7
1 11 7
0 4 6
1 5 7
0 7 5
1 12 8
0 9 5
1 13 9
0 14 10
1 10 12
0 12 10
1 6 3
0 6 4
1 9 3
0 11 8
1 12 9
0 7 4
1 8 5
0 11 10
1 13 10
0 11 4
1 10 5
0 6 10
1 5 11
0 10 8
1 12 11
0 13 11
1 11 9
0 10 11
1 10 9
0 14 9
1 10 3
0 9 4
1 10 4
0 10 2
1 8 3
0 7 3
1 5 5
0 7 2
1 7 1
0 8 2
1 9 2
0 14 7
1 14 8
0 6 2
1 8 4
0 9 1
1 10 0
0 4 2
1 5 2
0 5 3
1 3 1
0 4 4
1 11 3
0 12 3
1 6 11
0 4 11
1 9 11
0 8 11
1 3 9
0 2 10
1 4 9
0 4 3
1 4 5
0 4 1
1 4 0
0 2 9
1 3 5
0 2 5
1 11 13
0 12 14
1 3 7
0 3 8
1 4 7
0 2 7
1 2 8
0 4 10
1 5 10
0 5 9
1 3 11
0 5 12
1 3 10
0 3 4
1 5 4
0 1 6
1 0 7
0 9 12
1 8 13
0 7 12
1 9 13
0 12 13
1 10 13
0 7 13
1 12 6
0 13 7
1 12 5
0 12 7
1 11 12
0 9 14
1 3 12
0 3 13
1 9 10
0 11 14
1 13 14
0 3 3
1 2 4
0 5 13
1 1 3
0 4 13
1 6 13
0 8 14
1 10 14
0 1 13
1 2 13
0 2 6
1 3 6
0 6 12
1 8 12
0 3 2
1 0 4
0 2 2
1 0 5
0 0 6
1 1 2
0 1 1
1 0 0
0 13 12
1 1 12
0 2 3
1 1 4
0 13 6
1 5 0
0 4 14
1 4 12
0 13 4
1 13 5
0 10 1
1 11 2
0 12 1
1 13 1
0 8 1
1 11 1
0 2 14
1 11 5
0 14 5
1 12 2
0 14 0
1 2 12
0 0 12
1 0 13
0 2 11
1 13 3
0 14 4
1 12 4
0 14 2
1 14 3
0 3 14
1 5 14
0 0 14
1 1 14
0 8 0
1 0 1
0 3 0
1 14 6
0 1 10
1 13 0
0 2 1
1 9 0
0 1 9
1 1 8
0 11 0
1 14 11
0 0 2
1 1 0
0 13 8
1 2 0
0 1 5
1 14 12
0 5 6
1 11 6
0 7 0
1 0 11
0 0 3
1 0 10
0 13 2
1 14 1
0 5 1
1 7 14
0 1 7
1 14 13
0 12 12
1 13 13
0 8 9
1 0 9
0 0 8
1 1 11
0 12 0
1 6 14
0 14 14
1 6 1
0 6 0
