1
0 7 7
1 7 6
0 8 6
1 9 5
0 5 5
1 8 5
0 6 6
1 8 8
0 4 4
1 3 3
0 7 5
1 6 7
0 5 8
1 9 4
0 10 3
1 9 3
0 9 6
1 6 8
0 9 1
1 8 4
0 10 5
1 6 4
0 11 4
1 12 3
0 7 4
1 10 6
0 7 3
1 9 7
0 11 5
1 6 10
0 7 9
1 11 7
0 12 8
1 6 9
0 6 11
1 12 7
0 10 7
1 12 5
0 13 7
1 7 8
0 7 1
1 7 2
0 5 3
1 6 2
0 8 1
1 10 1
0 10 10
1 11 9
0 5 9
1 12 6
0 12 4
1 10 8
0 9 8
1 8 9
0 5 6
1 5 7
0 9 9
1 11 3
0 11 10
1 13 4
0 11 2
1 13 5
0 14 4
1 12 10
0 13 11
1 6 1
0 6 3
1 8 3
0 5 0
1 5 2
0 9 2
1 7 0
0 4 2
1 5 10
0 4 11
1 8 10
0 7 10
1 8 11
0 8 7
1 8 12
