1
0 7 7
1 8 6
0 6 6
1 8 8
0 7 5
1 5 8
0 8 4
1 9 3
0 7 8
1 7 6
0 5 7
1 4 8
0 6 5
1 6 7
0 8 5
1 9 5
0 5 5
1 4 5
0 2 7
1 9 6
0 9 4
1 3 8
0 2 8
1 11 6
0 10 6
1 3 6
0 3 7
1 4 6
0 4 7
1 1 7
0 2 6
1 2 5
0 10 4
1 7 4
0 10 3
1 10 5
0 2 10
1 2 9
0 11 2
1 12 1
0 11 4
1 12 4
0 4 4
1 3 3
0 12 5
1 9 2
0 11 3
1 11 1
0 13 1
1 3 10
0 4 9
1 13 2
0 4 11
1 1 5
0 6 9
1 5 10
0 12 2
1 14 0
0 13 6
1 14 7
0 7 9
1 5 9
0 7 11
1 7 10
0 5 11
1 6 11
0 6 12
1 3 5
0 0 5
1 2 3
0 3 4
1 8 13
0 4 10
1 3 9
0 4 3
1 2 4
0 4 2
1 1 6
0 1 8
1 1 3
0 0 2
1 1 4
