0
0 7 7
1 6 8
0 6 9
1 7 9
0 7 10
1 5 8
0 8 10
1 5 11
0 8 8
1 4 8
0 3 8
1 5 9
0 5 10
1 6 10
0 7 11
1 9 9
0 7 8
1 8 7
0 4 9
1 6 11
0 2 7
1 1 6
0 3 7
1 5 7
0 3 6
1 3 9
0 2 10
1 4 12
0 3 13
1 6 6
0 7 5
1 3 5
0 4 6
1 5 5
0 5 6
1 4 5
0 2 5
1 4 11
0 2 8
1 2 6
0 2 9
1 2 11
0 3 11
1 4 7
0 1 9
1 0 10
0 3 12
1 3 10
0 4 4
1 7 6
0 1 8
1 1 10
0 8 11
1 9 8
0 6 5
1 8 9
0 10 9
1 9 10
0 9 7
1 4 13
0 9 11
1 1 4
0 1 3
1 8 6
0 10 11
1 11 11
0 8 5
1 0 8
0 9 12
1 10 13
0 8 13
1 11 10
0 8 12
1 8 14
0 10 10
1 11 9
0 10 8
1 10 7
0 10 12
