1
0 7 7
1 7 8
0 8 8
1 9 9
0 7 9
1 9 7
0 9 8
1 10 8
0 8 6
1 8 10
0 11 7
1 7 11
0 6 12
1 10 9
0 8 7
1 8 5
0 9 5
1 10 4
0 10 6
1 8 4
0 11 6
1 9 6
0 7 4
1 11 9
0 12 9
1 12 10
0 13 11
1 10 7
0 5 9
1 6 8
0 6 9
1 4 9
0 10 10
1 8 11
0 13 9
1 12 8
0 13 8
1 13 10
0 12 7
1 10 5
0 11 4
1 11 5
0 10 11
1 11 10
0 11 11
1 12 11
0 13 6
1 8 12
0 8 13
1 7 12
0 9 10
1 7 13
0 12 6
1 14 6
0 12 5
1 10 3
0 11 12
1 12 13
0 13 5
1 13 7
0 7 10
1 13 12
0 14 13
1 6 11
0 5 11
1 5 10
0 3 8
1 7 6
0 11 2
1 12 12
0 12 14
1 6 7
0 5 8
1 9 4
