0
0 7 7
1 6 7
0 5 6
1 7 6
0 4 8
1 6 5
0 7 5
1 5 4
0 8 7
1 5 8
0 8 5
1 4 3
0 3 2
1 4 9
0 3 10
1 6 4
0 6 6
1 8 4
0 9 4
1 4 4
0 7 4
1 2 4
0 3 4
1 3 9
0 3 7
1 4 1
0 4 2
1 5 9
0 6 9
1 9 6
0 6 2
1 5 2
0 3 3
1 3 5
0 3 1
1 3 0
0 8 8
1 9 9
0 8 6
1 8 9
0 9 7
1 5 11
0 5 10
1 4 10
0 2 8
1 4 6
0 1 3
1 2 5
0 4 5
1 2 6
0 2 3
1 1 2
0 1 7
1 5 1
0 5 3
1 6 12
0 7 13
1 6 8
0 5 7
1 2 12
0 3 11
1 8 10
0 10 8
1 11 9
0 10 9
1 10 7
0 2 7
1 4 7
0 4 11
1 7 8
0 3 12
1 2 13
0 1 8
1 5 12
0 3 6
1 0 9
0 2 9
1 0 7
0 2 10
1 2 11
0 1 9
1 5 13
0 7 11
1 1 6
0 0 8
1 3 8
0 4 12
