1
0 7 7
1 6 6
0 5 7
1 4 6
0 8 6
1 5 6
0 3 6
1 5 8
0 6 8
1 9 5
0 7 9
1 3 9
0 7 6
1 7 8
0 8 9
1 5 9
0 2 9
1 8 7
0 8 10
1 9 11
0 8 11
1 8 12
0 9 12
1 9 6
0 10 5
1 5 10
0 6 9
1 9 4
0 9 7
1 6 10
0 7 11
1 9 9
0 7 5
1 6 4
0 11 9
1 10 8
0 7 10
1 10 13
0 9 8
1 10 7
0 7 4
1 7 3
0 5 5
1 9 3
0 9 2
1 6 3
0 6 5
1 4 5
0 8 3
1 10 1
0 7 13
1 7 12
0 6 11
1 5 12
0 5 11
1 4 11
0 6 12
1 12 3
0 3 4
1 11 2
0 13 4
1 10 3
0 12 1
1 10 10
0 10 9
1 6 2
0 8 4
1 6 1
0 6 0
1 8 14
0 3 3
1 3 5
0 4 4
1 11 3
0 13 3
1 10 2
0 1 5
1 2 4
0 5 13
1 4 14
0 13 2
1 13 5
0 12 4
1 11 5
0 11 4
1 10 4
0 10 0
1 12 6
0 8 2
1 11 7
