1
0 7 7
1 8 7
0 6 8
1 8 6
0 6 9
1 8 8
0 8 5
1 6 10
0 7 5
1 7 9
0 9 7
1 8 10
0 8 9
1 7 10
0 5 10
1 7 12
0 7 11
1 7 6
0 6 5
1 9 5
0 5 13
1 9 10
0 10 10
1 6 6
0 9 6
1 4 12
0 5 11
1 5 12
0 6 12
1 4 11
0 6 13
1 7 13
0 6 3
1 7 4
0 5 8
1 4 6
0 5 6
1 4 8
0 6 7
1 4 5
0 4 7
1 5 7
0 3 6
1 2 5
0 4 9
1 3 8
0 3 10
1 2 11
0 4 10
1 2 10
0 3 9
1 2 8
0 2 9
1 5 9
0 3 7
1 0 8
0 1 8
1 0 7
0 3 5
1 0 10
0 0 9
1 1 9
0 3 11
1 3 12
0 3 3
1 3 4
0 4 3
1 5 3
0 7 3
1 4 13
0 5 14
1 10 9
0 10 4
1 11 8
0 8 11
1 9 8
0 11 10
1 10 8
0 7 8
1 12 8
