1
0 7 7
1 6 8
0 7 9
1 6 10
0 6 9
1 7 10
0 5 11
1 5 9
0 5 10
1 7 8
0 4 8
1 8 9
0 9 8
1 9 10
0 10 11
1 8 11
0 8 10
1 9 13
0 9 11
1 10 12
0 6 7
1 8 7
0 4 9
1 6 13
0 7 12
1 8 13
0 7 13
1 4 10
0 6 11
1 3 8
0 8 12
1 10 10
0 5 8
1 3 10
0 3 11
1 4 11
0 5 12
1 6 12
0 7 6
1 8 5
0 9 7
1 11 11
0 12 10
1 9 9
0 12 12
1 8 6
0 8 8
1 1 10
0 10 6
1 11 5
0 4 7
1 2 10
0 0 10
1 8 4
0 8 3
1 10 5
0 9 5
1 5 13
0 9 6
1 9 4
0 10 4
1 2 9
0 12 11
1 12 13
0 12 8
1 12 9
0 11 8
1 10 8
0 11 7
1 13 9
0 11 9
1 11 6
0 3 7
1 5 7
0 4 5
1 4 6
0 3 6
1 2 5
0 12 7
1 1 8
0 0 7
1 11 13
0 10 13
1 3 5
0 2 4
1 2 12
0 2 11
1 11 12
0 13 7
1 10 7
0 5 4
1 6 3
0 0 9
1 0 8
0 3 4
1 6 4
0 0 12
1 1 7
0 1 9
1 6 2
0 5 3
1 6 5
0 6 1
1 6 6
