0
0 7 7
1 8 7
0 8 8
1 6 6
0 7 8
1 7 6
0 9 5
1 6 8
0 5 6
1 9 4
0 6 7
1 8 9
0 6 5
1 10 5
0 8 3
1 7 4
0 8 4
1 8 5
0 10 6
1 7 3
0 7 9
1 9 7
0 4 5
1 3 4
0 7 10
1 7 11
0 11 7
1 12 8
0 10 8
1 7 2
0 7 5
1 7 1
0 7 0
1 9 8
0 3 5
1 5 5
0 9 9
1 12 6
0 6 10
1 12 7
0 12 5
1 6 4
0 4 6
1 8 2
0 9 1
1 5 2
0 6 2
1 10 7
0 9 6
1 2 5
0 4 3
1 4 4
0 5 4
1 4 1
0 6 3
1 5 1
0 6 1
1 11 10
0 10 9
1 12 10
0 12 9
1 3 3
0 2 2
1 10 10
0 9 10
1 2 4
0 4 2
1 1 4
0 0 4
1 3 2
0 2 3
1 11 9
0 9 11
1 13 7
0 14 6
1 1 7
0 9 12
1 9 13
0 8 11
1 6 9
0 7 12
1 6 13
0 11 8
