1
0 7 7
1 8 6
0 9 7
1 8 7
0 8 8
1 9 6
0 9 9
1 6 6
0 7 6
1 7 8
0 6 9
1 7 9
0 10 6
1 8 5
0 10 10
1 11 11
0 11 9
1 10 5
0 11 4
1 8 4
0 8 3
1 7 5
0 11 5
1 12 4
0 9 3
1 11 3
0 13 7
1 12 8
0 12 6
1 10 4
0 9 5
1 13 5
0 10 2
1 6 3
0 7 4
1 6 5
0 6 4
1 5 7
0 4 8
1 4 5
0 5 5
1 2 6
0 4 6
1 3 7
0 7 3
1 8 2
0 2 5
1 6 7
0 5 6
1 4 7
0 2 7
1 12 9
0 4 3
1 11 8
0 10 7
1 10 8
0 13 8
1 13 9
0 12 10
1 1 6
0 13 10
1 11 10
0 5 4
1 1 5
0 3 3
1 1 7
0 1 4
1 1 8
0 1 9
1 4 4
0 5 3
1 5 2
0 11 7
1 12 7
0 3 2
1 2 3
0 9 8
1 3 5
0 0 8
1 3 6
0 3 8
1 10 11
0 9 10
1 9 11
0 12 11
1 8 10
0 6 8
1 11 12
0 11 13
1 8 11
0 7 11
1 8 13
0 9 12
1 8 12
0 8 9
1 8 14
