0
0 7 7
1 6 6
0 5 7
1 6 7
0 5 8
1 5 6
0 3 5
1 6 8
0 6 9
1 7 4
0 6 5
1 4 5
0 7 8
1 7 6
0 4 6
1 6 3
0 9 6
1 8 7
0 7 10
1 8 11
0 5 9
1 7 9
0 5 10
1 5 11
0 3 3
1 3 6
0 5 4
1 1 3
0 6 10
1 4 10
0 7 11
1 4 8
0 4 11
1 3 12
0 8 10
1 9 10
0 6 12
1 5 13
0 6 11
1 6 13
0 7 12
1 8 13
0 9 13
1 8 12
0 10 8
1 9 9
0 8 9
1 9 8
0 9 11
1 10 9
0 11 10
1 12 7
0 11 8
1 5 2
0 4 1
1 3 4
0 2 3
1 4 3
0 6 1
1 2 5
0 1 6
1 4 2
0 11 9
1 11 11
0 12 9
1 13 10
0 4 9
1 3 8
0 13 8
1 10 11
0 8 5
1 10 7
0 9 7
1 12 10
0 7 5
1 8 6
0 9 5
1 5 5
0 10 5
