0
0 7 7
1 6 6
0 8 6
1 6 8
0 6 5
1 4 8
0 8 7
1 9 7
0 10 5
1 7 8
0 8 8
1 8 5
0 5 8
1 5 7
0 3 9
1 5 4
0 9 6
1 3 6
0 4 6
1 4 5
0 6 3
1 2 7
0 1 8
1 8 4
0 7 5
1 3 7
0 4 7
1 3 4
0 3 5
1 6 7
0 5 6
1 3 8
0 7 4
1 8 3
0 8 10
1 8 9
0 11 4
1 12 3
0 7 6
1 7 3
0 5 9
1 8 2
0 8 1
1 6 4
0 9 1
1 2 4
0 4 4
1 12 2
0 6 1
1 7 1
0 10 4
1 10 6
0 9 5
1 11 3
0 10 3
1 9 2
0 11 2
1 9 9
0 10 1
1 10 2
0 12 1
1 11 1
0 2 6
1 1 7
0 6 2
1 5 3
0 6 9
1 4 9
0 1 6
1 9 10
0 10 11
1 6 11
0 5 10
1 9 8
0 9 11
1 10 7
0 7 10
1 8 11
0 10 9
1 12 5
0 11 6
1 12 4
0 12 6
1 13 3
0 11 5
1 13 7
0 10 12
1 10 10
0 11 13
1 7 9
0 12 14
