0
0 7 7
1 6 6
0 5 8
1 8 6
0 7 6
1 5 7
0 3 8
1 7 8
0 4 8
1 2 8
0 3 6
1 6 8
0 4 7
1 6 9
0 6 7
1 4 9
0 7 9
1 8 7
0 9 6
1 8 5
0 8 8
1 3 9
0 2 9
1 5 6
0 5 11
1 6 10
0 4 10
1 8 4
0 8 3
1 4 11
0 5 10
1 6 12
0 6 11
1 7 5
0 9 3
1 5 12
0 10 3
1 7 3
0 9 5
1 9 4
0 6 4
1 8 12
0 7 12
1 9 13
0 7 11
1 10 4
0 11 4
1 3 5
0 7 13
1 7 10
0 8 11
1 9 11
0 12 3
1 11 3
0 6 13
1 9 10
0 9 12
1 10 10
0 8 10
1 10 11
0 13 2
1 10 5
0 1 10
1 0 11
0 2 10
1 3 10
0 2 5
1 1 4
0 9 2
1 8 1
0 10 1
1 7 4
0 12 5
1 13 6
0 11 2
1 12 2
0 13 4
1 9 0
0 14 5
