1
0 7 7
1 6 8
0 5 7
1 5 8
0 7 9
1 6 7
0 6 6
1 3 9
0 3 8
1 4 9
0 7 6
1 7 8
0 8 8
1 5 5
0 1 10
1 5 6
0 8 9
1 9 9
0 2 9
1 8 6
0 7 5
1 8 4
0 8 10
1 8 11
0 6 10
1 5 11
0 7 10
1 9 10
0 6 11
1 9 8
0 9 7
1 10 6
0 11 7
1 4 10
0 2 8
1 9 11
0 9 12
1 0 11
0 4 13
1 5 12
0 7 3
1 7 4
0 2 6
1 2 7
0 8 7
1 10 7
0 2 11
1 3 12
0 6 12
1 6 13
0 7 12
1 4 11
0 4 8
1 8 12
0 5 9
1 3 7
0 7 14
1 4 5
0 3 4
1 5 4
0 6 4
1 6 3
0 3 6
1 9 6
0 8 5
1 5 10
0 6 9
1 5 2
0 5 3
1 7 13
0 10 10
1 6 5
0 8 3
1 7 2
0 8 1
1 4 1
0 3 0
1 2 13
0 1 14
1 12 5
0 11 6
1 4 2
0 6 2
1 4 4
0 4 3
1 9 4
0 11 5
1 11 4
0 10 4
1 5 13
0 5 14
1 8 13
0 9 13
1 12 7
0 13 5
1 12 6
0 12 8
1 11 8
0 10 9
1 12 9
0 13 10
1 12 3
0 12 4
1 10 3
0 13 6
1 11 11
0 10 11
1 10 12
0 1 8
1 0 8
0 13 3
1 13 4
0 10 5
1 9 5
0 6 14
1 4 14
0 1 6
1 1 7
0 9 14
1 8 14
0 4 7
1 11 2
0 10 1
1 0 9
0 0 10
1 11 0
0 9 1
1 11 1
0 11 3
1 10 2
0 9 3
1 8 2
0 9 2
1 0 6
0 2 10
1 2 12
0 7 1
1 6 1
0 0 7
1 2 5
0 3 5
1 3 3
0 1 12
1 2 4
0 1 5
1 2 2
0 1 1
1 5 1
0 6 0
1 13 0
0 12 1
1 2 1
0 2 3
1 3 1
