1
0 7 7
1 7 6
0 6 6
1 9 8
0 8 7
1 9 7
0 10 5
1 8 8
0 9 6
1 7 8
0 6 8
1 11 5
0 10 6
1 6 7
0 10 7
1 10 8
0 11 8
1 12 9
0 8 6
1 9 5
0 5 10
1 9 10
0 8 9
1 9 9
0 9 11
1 7 11
0 12 6
1 11 6
0 8 10
1 7 9
0 8 5
1 7 4
0 5 9
1 4 10
0 5 11
1 5 8
0 11 4
1 12 3
0 5 12
1 5 13
0 10 4
1 10 3
0 12 4
1 9 4
0 13 4
1 14 4
0 4 9
1 9 3
0 11 3
1 8 4
0 7 12
1 6 11
0 2 9
1 3 9
0 10 2
1 9 1
0 9 2
1 6 4
0 5 4
1 3 13
0 13 5
1 14 6
0 13 6
1 13 3
0 8 2
1 7 2
0 13 8
1 13 7
0 12 2
1 11 2
0 13 1
1 14 0
0 3 8
1 7 3
0 7 5
1 6 2
0 5 1
1 6 3
0 8 3
1 6 1
0 6 0
1 6 5
