1
0 7 7
1 6 8
0 5 7
1 8 7
0 7 5
1 7 8
0 5 9
1 6 9
0 5 10
1 5 8
0 4 8
1 8 4
0 3 7
1 6 10
0 6 11
1 8 8
0 9 8
1 8 6
0 8 5
1 8 9
0 8 10
1 6 7
0 6 6
1 3 9
0 5 6
1 4 9
0 3 10
1 5 11
0 7 9
1 9 10
0 10 11
1 10 5
0 9 6
1 9 4
0 9 7
1 8 3
0 7 2
1 11 6
0 12 7
1 7 3
0 3 6
1 4 6
0 3 5
1 3 4
0 2 6
1 1 5
0 1 7
1 4 4
0 2 5
1 2 7
0 9 5
1 9 9
0 5 5
1 6 5
0 5 4
1 5 3
0 9 3
1 6 3
0 4 3
1 4 10
0 6 12
1 10 4
0 11 4
1 10 9
0 8 11
1 6 4
0 7 4
1 12 9
0 11 9
1 6 2
0 6 1
1 4 0
0 5 1
1 10 6
0 10 3
1 8 1
0 9 11
1 7 11
0 11 13
1 10 12
0 11 11
1 12 11
0 8 13
1 8 12
0 10 13
1 9 13
0 10 14
1 9 12
0 11 12
1 11 10
0 7 12
1 9 14
0 10 7
1 11 8
0 13 7
1 11 7
0 12 12
1 8 0
0 7 1
1 8 2
