1
0 7 7
1 8 6
0 9 7
1 7 6
0 6 6
1 8 8
0 8 7
1 10 7
0 9 5
1 6 7
0 8 5
1 10 5
0 10 6
1 8 3
0 12 8
1 11 7
0 12 6
1 12 7
0 13 8
1 13 7
0 14 7
1 11 8
0 11 6
1 13 6
0 10 9
1 13 4
0 9 8
1 9 6
0 11 10
1 12 11
0 12 9
1 10 11
0 10 10
1 13 3
0 13 5
1 7 8
0 9 10
1 12 10
0 9 9
1 9 11
0 13 9
1 11 9
0 13 11
1 5 6
0 4 5
1 8 11
0 11 11
1 7 11
0 6 11
1 6 5
0 9 2
1 4 7
0 7 4
1 5 8
0 7 10
1 8 10
0 6 8
1 12 4
0 13 12
1 13 10
0 8 9
1 5 12
0 13 13
1 12 12
0 6 9
1 7 9
0 12 13
1 3 10
0 4 9
1 2 9
0 3 8
1 4 11
0 1 8
1 6 13
