1
0 7 7
1 6 6
0 7 5
1 6 5
0 8 7
1 6 7
0 6 8
1 6 4
0 6 3
1 5 9
0 7 8
1 7 6
0 8 6
1 8 8
0 8 5
1 9 6
0 4 5
1 5 4
0 10 4
1 9 5
0 8 4
1 8 3
0 7 4
1 4 3
0 3 2
1 5 5
0 7 2
1 5 2
0 5 3
1 3 4
0 2 5
1 7 3
0 8 2
1 4 6
0 3 7
1 4 4
0 2 4
1 6 1
0 7 0
1 3 6
0 5 6
1 1 7
0 9 3
1 11 5
0 9 7
1 10 2
0 2 6
1 2 7
0 1 5
1 4 9
0 2 2
1 2 3
0 11 4
1 9 4
0 7 1
1 6 0
0 3 5
1 0 5
0 11 7
1 10 7
0 10 8
1 11 9
0 1 2
1 4 2
0 13 5
1 12 6
0 1 3
1 1 4
0 13 4
1 1 1
0 13 3
1 13 6
0 12 4
1 14 4
0 13 2
1 13 1
0 3 10
1 11 6
0 10 6
1 14 2
0 2 9
1 3 8
0 1 6
1 14 3
0 14 1
1 10 5
0 12 7
1 12 5
0 4 11
1 1 8
0 5 12
1 6 13
0 2 8
1 0 4
0 6 9
1 5 10
0 6 11
1 0 2
0 0 3
1 4 1
0 4 0
1 8 9
0 9 8
1 14 5
0 14 6
1 9 9
0 10 9
1 6 10
0 11 10
1 12 11
0 5 11
1 7 11
0 8 12
1 8 10
0 9 10
1 7 10
0 4 10
1 6 12
0 5 13
1 10 10
0 11 8
1 8 11
0 12 8
1 13 8
0 3 11
1 2 11
0 13 9
1 14 10
0 4 12
1 2 10
0 4 13
1 4 14
0 3 13
1 3 12
0 1 13
1 2 13
0 2 12
1 0 14
0 11 11
1 10 12
0 1 9
1 12 12
0 8 1
1 11 12
0 13 12
1 10 13
0 13 10
1 11 13
0 9 11
1 12 13
0 9 13
1 12 10
0 12 9
1 12 14
