0
0 7 7
1 6 7
0 6 8
1 5 9
0 7 8
1 7 9
0 6 9
1 5 11
0 4 7
1 5 8
0 5 10
1 4 11
0 6 11
1 4 8
0 6 10
1 6 12
0 4 10
1 3 10
0 4 9
1 7 12
0 5 12
1 7 10
0 9 6
1 8 7
0 3 8
1 2 7
0 2 9
1 5 6
0 5 5
1 7 11
0 7 13
1 8 10
0 5 13
1 8 8
0 8 9
1 8 5
0 1 10
1 0 11
0 4 13
1 6 13
0 9 4
1 9 10
0 8 11
1 10 10
0 11 10
1 9 9
0 10 8
1 9 11
0 9 12
1 9 7
0 9 8
1 10 12
0 11 13
1 10 11
0 10 13
1 11 11
0 12 12
1 9 13
0 12 10
1 12 8
0 11 9
1 13 11
0 12 11
1 12 13
0 13 12
1 10 9
0 11 12
1 13 10
0 2 11
1 3 12
0 2 10
1 2 12
0 2 13
1 10 6
0 11 5
1 8 14
0 4 12
1 3 11
0 3 13
1 1 13
0 9 5
1 10 4
0 1 9
1 8 4
0 8 6
1 10 5
0 10 3
1 12 7
0 9 3
1 9 2
0 1 11
1 1 8
0 8 3
1 11 3
0 0 9
1 3 9
0 7 3
1 6 3
0 6 4
1 9 1
0 4 6
1 3 7
0 8 2
