1
0 7 7
1 8 8
0 9 7
1 10 8
0 8 9
1 10 7
0 6 7
1 10 9
0 10 10
1 9 11
0 8 7
1 5 7
0 9 6
1 7 8
0 9 8
1 9 5
0 9 10
1 9 9
0 8 10
1 11 10
0 10 5
1 5 8
0 7 6
1 5 6
0 5 9
1 6 4
0 10 6
1 8 6
0 6 10
1 7 10
0 11 4
1 12 3
0 13 4
1 5 4
0 5 5
1 7 4
0 4 4
1 4 7
0 8 11
1 8 3
0 6 5
1 8 12
0 6 6
1 3 3
0 2 6
1 4 8
0 6 8
1 6 9
0 3 6
1 3 5
0 4 10
1 3 11
0 13 3
1 12 4
0 13 6
1 13 5
0 12 6
1 11 6
0 8 5
1 10 3
0 11 3
1 7 12
0 11 1
1 11 2
0 7 5
1 4 5
0 3 9
1 7 11
0 7 9
1 4 6
0 4 9
1 7 13
0 7 14
1 2 4
0 1 3
1 1 5
0 4 2
1 2 5
0 0 5
1 9 12
0 6 12
1 11 12
0 10 12
1 12 9
0 10 11
1 11 9
0 13 9
1 11 11
0 11 8
1 11 13
