0
0 7 7
1 8 8
0 9 7
1 7 8
0 9 10
1 9 8
0 6 8
1 10 8
0 11 8
1 5 10
0 10 9
1 8 11
0 7 9
1 8 10
0 8 9
1 9 9
0 11 7
1 10 7
0 11 6
1 11 5
0 5 9
1 8 6
0 12 7
1 13 6
0 11 10
1 11 9
0 10 5
1 13 8
0 6 7
1 6 9
0 4 11
1 8 7
0 9 6
1 13 7
0 13 5
1 7 11
0 6 12
1 10 4
0 12 6
1 12 8
0 10 10
1 8 4
0 8 5
1 9 4
0 7 4
1 12 4
0 11 4
1 9 12
0 7 10
1 9 11
0 10 11
1 5 11
0 6 11
1 13 10
0 13 9
1 3 8
0 5 12
1 4 13
0 6 13
1 3 10
0 4 12
1 7 12
0 11 12
1 12 13
0 10 13
1 10 12
0 12 3
1 13 2
0 6 3
1 5 2
0 3 12
1 2 12
0 1 14
1 4 10
0 2 10
1 1 9
0 3 9
1 13 3
0 4 8
1 1 11
0 5 7
1 6 6
0 3 7
1 4 7
0 2 6
1 1 5
0 6 10
