0
0 7 7
1 6 7
0 6 6
1 4 5
0 5 6
1 8 5
0 5 5
1 4 4
0 9 4
1 4 6
0 4 7
1 5 4
0 8 8
1 9 9
0 6 8
1 6 3
0 3 6
1 5 8
0 7 4
1 6 5
0 4 3
1 7 6
0 4 9
1 7 2
0 8 1
1 8 3
0 8 4
1 10 4
0 9 3
1 7 5
0 3 4
1 9 5
0 10 5
1 8 2
0 5 2
1 6 1
0 2 5
1 1 6
0 1 4
1 0 3
0 5 9
1 4 10
0 2 9
1 3 9
0 2 10
1 6 2
0 6 4
1 3 10
0 3 8
1 1 10
0 3 5
1 3 7
0 2 8
1 2 7
0 1 8
1 11 3
0 12 2
1 10 2
0 9 2
1 1 11
0 9 1
1 9 0
0 3 2
1 3 3
0 11 4
1 12 5
0 8 7
1 12 3
0 8 9
1 8 10
0 7 9
1 6 9
0 10 3
1 7 0
0 7 8
1 9 6
0 4 1
1 2 3
0 7 11
1 7 10
0 6 10
1 9 7
0 9 8
1 10 8
0 8 12
1 4 8
0 9 13
