1
0 7 7
1 6 6
0 5 7
1 4 7
0 7 9
1 5 6
0 7 6
1 7 8
0 6 7
1 8 7
0 5 8
1 4 9
0 4 6
1 6 8
0 5 10
1 2 9
0 3 8
1 9 6
0 10 5
1 8 5
0 7 4
1 8 8
0 8 6
1 10 8
0 9 8
1 7 5
0 3 9
1 2 8
0 4 8
1 2 10
0 2 11
1 6 5
0 5 5
1 3 7
0 5 11
1 5 9
0 3 11
1 4 11
0 11 6
1 3 10
0 5 12
1 2 7
0 2 6
1 1 8
0 0 7
1 1 10
0 9 4
1 12 7
0 10 7
1 8 9
0 12 5
1 13 4
0 12 3
1 3 6
0 4 5
1 8 10
0 8 11
1 11 7
0 9 9
1 1 9
0 1 11
1 4 12
0 4 10
1 9 10
0 10 4
1 8 4
0 10 3
1 10 6
0 9 5
1 11 3
0 11 4
1 13 6
0 9 2
1 8 1
0 9 3
1 9 1
0 11 5
1 13 5
0 13 7
1 12 6
0 14 4
1 12 4
0 10 2
1 10 1
0 7 1
1 8 2
0 8 3
1 7 2
0 6 12
1 7 13
0 13 2
1 14 1
0 5 13
1 5 14
0 11 2
1 12 2
0 12 1
1 13 0
0 1 7
1 10 9
0 11 8
1 10 11
0 11 12
1 10 10
0 10 12
1 7 10
0 6 10
1 11 10
