0
0 7 7
1 8 6
0 9 7
1 7 6
0 6 6
1 8 8
0 8 9
1 8 7
0 9 8
1 8 5
0 8 4
1 6 7
0 9 4
1 7 10
0 7 5
1 5 7
0 9 6
1 9 5
0 5 8
1 10 4
0 9 9
1 9 10
0 11 6
1 8 10
0 10 10
1 6 10
0 5 10
1 7 9
0 6 8
1 11 3
0 12 2
1 7 11
0 7 12
1 5 11
0 4 12
1 6 11
0 4 11
1 9 11
0 8 11
1 9 3
0 4 10
1 4 13
0 5 12
1 8 12
0 9 13
1 3 12
0 8 3
1 10 5
0 11 5
1 10 12
0 11 13
1 6 13
0 6 12
1 3 13
0 5 13
1 3 11
0 3 10
1 4 8
0 5 9
1 1 10
0 2 11
1 10 3
0 10 6
1 10 2
0 10 1
1 9 1
0 12 4
1 13 3
0 12 3
1 12 5
0 4 9
1 1 12
0 2 9
1 1 8
0 3 9
1 1 9
0 6 9
