0
0 7 7
1 8 6
0 9 7
1 9 6
0 7 6
1 8 5
0 8 7
1 6 7
0 6 5
1 5 4
0 7 8
1 7 9
0 7 4
1 7 5
0 9 8
1 10 9
0 10 7
1 11 7
0 9 9
1 8 8
0 12 7
1 11 6
0 8 3
1 9 2
0 9 10
1 9 11
0 8 10
1 11 9
0 11 8
1 10 6
0 12 6
1 12 8
0 10 10
1 7 10
0 13 9
1 8 4
0 9 5
1 6 6
0 9 3
1 6 9
0 11 5
1 13 7
0 6 12
1 7 11
0 8 11
1 5 7
0 4 8
1 7 2
0 12 10
1 11 10
0 13 11
1 8 2
0 6 2
1 6 3
0 4 5
1 11 2
0 10 2
1 6 8
0 6 10
1 8 1
0 9 0
1 4 4
0 13 10
1 13 12
0 12 9
1 14 11
0 10 3
1 11 3
0 5 6
1 4 7
0 11 11
1 10 12
0 12 12
1 13 13
0 12 11
1 12 13
0 3 4
1 5 9
0 4 9
1 11 1
0 8 12
1 8 13
0 11 13
1 10 1
0 9 1
1 3 5
0 4 6
1 2 6
0 1 7
1 5 8
0 3 6
1 2 7
0 3 7
1 2 9
0 2 8
1 6 4
0 1 9
1 0 10
0 5 5
