0
0 7 7
1 8 8
0 7 9
1 8 7
0 8 6
1 6 8
0 5 8
1 7 8
0 6 9
1 9 8
0 10 8
1 10 7
0 8 9
1 5 9
0 10 10
1 9 7
0 4 7
1 7 10
0 7 6
1 11 7
0 12 7
1 9 6
0 9 5
1 10 5
0 11 4
1 3 6
0 10 9
1 9 9
0 9 10
1 11 8
0 8 5
1 6 7
0 10 4
1 11 3
0 9 4
1 8 4
0 11 10
1 12 10
0 10 3
1 11 2
0 12 6
1 12 5
0 11 6
1 12 9
0 13 10
1 11 5
0 10 11
1 10 12
0 13 6
1 13 5
0 14 5
1 12 4
0 10 6
1 14 6
0 10 2
1 12 11
0 12 12
1 10 1
0 11 12
1 12 13
0 11 11
1 11 13
0 13 11
1 13 13
0 10 13
1 12 3
0 9 0
1 12 1
0 12 2
1 11 1
0 9 1
1 9 11
0 12 14
1 13 1
0 14 1
1 13 12
0 5 6
1 5 10
0 6 5
1 7 4
0 9 2
1 9 3
0 5 5
1 7 5
0 5 4
1 5 7
0 6 6
1 4 6
0 5 3
1 5 2
0 3 3
1 4 4
0 4 3
1 3 2
0 2 3
1 1 3
0 6 3
