1
0 7 7
1 6 7
0 6 8
1 4 9
0 7 6
1 5 9
0 7 9
1 7 8
0 4 6
1 5 7
0 5 6
1 8 6
0 6 6
1 3 6
0 4 4
1 5 5
0 3 10
1 2 7
0 4 7
1 4 5
0 5 4
1 6 5
0 7 5
1 7 4
0 2 4
1 3 4
0 3 5
1 1 8
0 0 9
1 3 9
0 2 9
1 3 8
0 5 10
1 0 5
0 1 6
1 2 8
0 4 8
1 4 10
0 1 7
1 2 6
0 1 3
1 0 2
0 8 8
1 0 4
0 0 3
1 8 9
0 1 5
1 1 4
0 3 3
1 4 2
0 2 3
1 4 3
0 2 2
1 2 1
0 1 1
1 0 0
0 5 11
1 6 10
0 5 2
1 0 6
0 5 3
1 9 10
0 10 11
1 9 9
0 7 1
1 6 2
0 4 11
1 9 8
0 9 7
1 6 11
0 7 10
1 0 7
0 0 8
1 6 13
0 6 12
1 9 11
0 9 12
1 8 11
0 7 12
1 8 12
0 5 1
1 5 0
0 11 10
1 8 13
0 8 10
1 7 13
0 5 13
1 11 9
0 10 10
1 9 13
0 7 11
1 10 13
