1
0 7 7
1 6 7
0 5 6
1 7 6
0 5 8
1 6 5
0 5 9
1 5 7
0 6 8
1 8 6
0 4 8
1 3 8
0 3 7
1 2 6
0 6 10
1 7 11
0 4 10
1 3 11
0 7 10
1 5 10
0 3 9
1 6 9
0 8 7
1 1 7
0 4 6
1 4 9
0 6 11
1 2 7
0 1 6
1 2 8
0 2 5
1 2 10
0 2 9
1 3 12
0 4 11
1 5 12
0 4 12
1 8 8
0 4 13
1 4 14
0 3 13
1 5 11
0 5 13
1 6 13
0 5 5
1 9 6
0 10 6
1 6 4
0 4 3
1 3 4
0 4 4
1 4 5
0 6 3
1 3 3
0 0 8
1 3 6
0 1 8
1 3 5
0 3 2
1 9 7
0 10 8
1 5 3
0 7 5
1 9 8
0 9 9
1 10 7
0 11 7
1 12 6
0 0 7
1 3 10
0 9 5
1 12 8
0 0 6
1 0 5
0 8 4
1 7 3
0 9 3
1 10 2
0 8 5
1 12 5
0 13 4
1 12 7
0 12 4
1 12 9
