1
0 7 7
1 8 6
0 8 8
1 6 6
0 9 7
1 7 9
0 9 6
1 6 7
0 6 8
1 9 8
0 8 7
1 10 7
0 5 8
1 7 8
0 8 9
1 11 6
0 11 4
1 10 5
0 9 4
1 10 4
0 10 6
1 12 5
0 13 4
1 11 5
0 13 5
1 9 3
0 12 6
1 8 2
0 7 1
1 10 2
0 8 4
1 11 7
0 8 11
1 8 10
0 7 10
1 9 12
0 4 7
1 6 9
0 13 6
1 13 7
0 12 7
1 11 10
0 11 8
1 10 9
0 10 3
1 11 12
0 13 9
1 10 12
0 12 12
1 12 9
0 10 11
1 9 9
0 13 2
1 13 3
0 11 13
1 9 1
0 11 2
1 12 1
0 12 11
1 11 11
0 7 11
1 9 11
0 9 10
1 11 3
0 9 5
1 9 2
0 7 3
1 6 2
0 7 2
1 7 4
0 10 1
1 12 3
0 7 6
1 8 5
0 5 9
1 12 4
0 8 0
1 12 2
