0
0 7 7
1 6 7
0 6 6
1 4 5
0 5 6
1 4 6
0 3 8
1 5 5
0 4 4
1 6 4
0 7 3
1 4 7
0 3 5
1 3 7
0 2 8
1 2 7
0 5 7
1 4 8
0 4 9
1 7 5
0 5 3
1 2 6
0 1 5
1 3 6
0 5 4
1 2 5
0 5 8
1 1 6
0 0 6
1 5 9
0 6 10
1 1 8
0 0 9
1 1 4
0 0 3
1 6 1
0 0 7
1 0 8
0 4 3
1 8 3
0 6 5
1 7 6
0 0 4
1 0 5
0 7 1
1 6 2
0 7 2
1 6 3
0 6 0
1 7 4
0 5 2
1 2 3
0 2 4
1 2 1
0 4 2
1 3 3
0 9 5
1 4 1
0 3 2
1 3 11
0 5 11
1 4 10
0 2 12
1 9 4
0 5 1
1 5 0
0 8 8
1 7 9
0 10 4
1 11 3
0 10 6
1 10 3
0 8 5
1 8 6
0 11 7
1 8 4
0 1 2
1 2 2
0 12 8
1 13 9
0 10 10
1 9 9
0 9 3
1 8 2
0 11 9
1 9 11
0 13 7
1 14 6
0 12 6
1 11 5
0 12 7
1 12 5
0 10 7
1 9 7
0 14 7
