0
0 7 7
1 8 6
0 9 7
1 10 6
0 9 6
1 8 7
0 9 8
1 9 5
0 7 4
1 8 4
0 8 5
1 10 7
0 11 7
1 10 8
0 10 5
1 9 9
0 6 3
1 5 2
0 11 6
1 10 10
0 10 9
1 11 11
0 12 12
1 9 10
0 5 3
1 8 3
0 11 4
1 11 5
0 13 8
1 12 7
0 12 3
1 13 2
0 7 6
1 7 5
0 5 8
1 6 7
0 4 3
1 3 3
0 10 3
1 8 9
0 7 8
1 11 10
0 8 10
1 6 2
0 7 3
1 12 10
0 13 10
1 11 9
0 11 12
1 13 11
0 14 12
1 9 11
0 12 11
1 13 7
0 12 8
1 10 13
0 4 5
1 8 2
0 7 2
1 5 4
0 9 3
1 8 1
0 8 0
1 12 6
0 10 4
1 8 12
0 7 13
1 9 12
0 9 13
1 10 12
0 10 11
1 8 11
0 7 10
1 7 9
0 4 2
1 4 4
0 12 4
1 13 4
0 10 2
1 10 1
0 11 3
1 9 1
0 13 3
