1
0 7 7
1 8 6
0 6 6
1 8 8
0 7 5
1 5 7
0 7 6
1 7 8
0 6 7
1 6 8
0 5 8
1 8 5
0 8 7
1 7 9
0 4 6
1 8 10
0 9 11
1 9 8
0 10 8
1 9 7
0 10 6
1 6 10
0 5 11
1 9 10
0 7 10
1 9 6
0 9 9
1 6 9
0 10 7
1 10 9
0 7 3
1 7 4
0 9 5
1 8 4
0 10 4
1 10 5
0 4 9
1 3 10
0 4 8
1 4 7
0 5 4
1 8 11
0 11 8
1 8 12
0 8 9
1 2 7
0 6 5
1 4 3
0 6 4
1 6 3
0 5 2
1 8 2
0 8 3
1 9 13
0 7 11
1 6 13
0 7 12
1 8 13
0 8 14
1 10 13
0 7 13
1 7 14
0 6 12
1 4 10
0 5 10
1 3 7
0 1 7
1 11 10
0 4 13
1 5 12
0 4 11
1 6 11
0 5 5
1 5 3
0 3 5
1 4 5
0 3 3
1 4 4
0 3 2
1 3 4
0 4 2
1 6 2
0 2 4
1 5 1
0 2 13
1 10 11
0 9 12
1 8 0
0 7 1
1 10 10
0 10 12
1 12 10
