0
0 7 7
1 6 8
0 7 9
1 7 8
0 6 9
1 8 9
0 5 9
1 6 7
0 9 10
1 5 8
0 8 8
1 9 9
0 6 10
1 5 11
0 4 9
1 3 9
0 8 10
1 7 10
0 9 7
1 10 6
0 4 8
1 7 11
0 6 11
1 5 6
0 4 5
1 2 7
0 7 12
1 5 10
0 4 7
1 4 6
0 4 10
1 4 11
0 6 13
1 6 12
0 10 9
1 8 11
0 11 10
1 2 6
0 3 6
1 2 8
0 2 9
1 5 5
0 3 7
1 5 3
0 5 4
1 3 3
0 4 4
1 2 4
0 2 5
1 1 5
0 4 2
1 3 5
0 5 7
1 6 4
0 7 3
1 10 7
0 4 3
1 4 1
0 7 2
1 6 3
0 5 2
1 6 2
0 6 1
1 3 4
0 10 10
1 12 10
0 1 4
1 0 3
0 7 1
1 7 4
0 10 12
1 10 11
0 9 4
1 11 6
0 9 8
1 8 3
0 8 7
1 7 6
0 12 11
