0
0 7 7
1 8 8
0 7 9
1 8 6
0 6 9
1 8 9
0 8 7
1 7 8
0 6 7
1 5 7
0 10 6
1 6 8
0 9 8
1 5 8
0 4 8
1 7 5
0 9 7
1 10 7
0 9 10
1 9 9
0 8 10
1 11 11
0 11 10
1 10 10
0 12 12
1 10 9
0 10 11
1 9 12
0 5 9
1 3 7
0 12 8
1 12 9
0 11 9
1 11 8
0 9 6
1 9 5
0 4 9
1 3 9
0 4 10
1 4 7
0 3 6
1 13 10
0 14 11
1 2 7
0 1 7
1 10 5
0 8 5
1 3 8
0 5 6
1 4 6
0 2 8
1 3 5
0 2 4
1 6 4
0 11 6
1 7 3
0 5 5
1 4 2
0 5 3
1 3 11
0 3 10
1 13 12
0 5 2
1 5 4
0 7 4
1 6 3
0 1 10
1 2 10
0 13 11
1 6 5
0 6 2
1 7 2
0 8 1
1 4 3
0 3 2
1 6 6
0 4 5
1 9 3
0 8 4
1 2 3
0 12 10
1 10 8
0 1 9
1 1 8
0 12 6
1 13 6
0 8 3
1 8 2
0 7 1
1 12 5
0 5 12
1 4 11
0 9 1
1 10 1
0 6 1
1 5 1
0 11 5
1 12 7
0 14 5
1 7 6
0 12 4
1 13 3
0 5 11
1 11 4
0 10 3
1 4 4
0 11 3
1 13 5
0 13 4
1 7 12
0 13 7
1 4 1
0 4 0
1 10 12
0 8 12
1 9 13
0 2 11
1 14 8
0 5 13
1 5 10
0 7 11
1 6 10
0 1 13
1 1 12
0 7 13
1 4 13
0 6 12
1 4 14
0 8 14
