0
0 7 7
1 8 6
0 7 5
1 8 5
0 8 4
1 6 6
0 6 7
1 7 6
0 5 6
1 9 6
0 10 6
1 10 5
0 9 5
1 7 3
0 6 4
1 8 7
0 7 8
1 8 9
0 8 8
1 11 8
0 10 7
1 6 3
0 12 5
1 9 8
0 6 5
1 7 4
0 5 2
1 10 9
0 11 10
1 9 9
0 7 9
1 9 7
0 9 10
1 11 4
0 12 3
1 11 9
0 12 9
1 8 3
0 9 3
1 7 2
0 9 4
1 7 1
0 7 0
1 4 5
0 5 4
1 12 10
0 10 8
1 5 3
0 4 3
1 4 4
0 6 2
1 3 5
0 9 12
1 10 11
0 12 4
1 12 6
0 10 2
1 11 1
0 13 5
1 11 3
0 11 2
1 12 2
0 10 1
1 13 4
0 7 10
1 7 11
0 10 3
1 2 5
0 1 5
1 13 1
0 8 10
1 10 10
0 9 11
1 6 8
0 9 13
1 9 14
0 11 13
1 10 12
0 10 13
1 8 11
0 12 13
1 8 13
0 13 13
