0
0 7 7
1 8 8
0 9 8
1 9 7
0 6 9
1 8 6
0 9 6
1 7 5
0 6 4
1 7 9
0 6 10
1 10 6
0 11 5
1 11 9
0 10 8
1 12 8
0 7 10
1 6 11
0 10 7
1 10 10
0 9 11
1 13 7
0 14 6
1 8 7
0 8 9
1 11 6
0 9 4
1 7 4
0 9 12
1 8 11
0 9 10
1 9 9
0 8 3
1 8 5
0 8 4
1 7 2
0 7 3
1 11 11
0 12 12
1 11 12
0 11 10
1 9 5
0 6 5
1 6 3
0 8 2
1 9 1
0 5 10
1 8 10
0 12 9
1 10 11
0 10 4
1 9 3
0 9 13
1 9 14
0 4 6
1 5 5
0 5 8
1 5 2
0 4 1
1 10 13
0 10 12
1 5 4
0 8 1
1 8 0
0 5 3
1 13 8
0 13 9
1 12 7
0 10 5
1 12 6
0 3 6
1 4 7
0 2 6
1 1 6
0 12 11
1 12 4
0 12 5
1 4 4
0 12 13
1 12 10
0 13 12
1 10 9
0 6 6
1 5 6
0 7 11
1 8 12
0 3 7
1 5 9
0 6 8
1 6 7
0 3 8
1 3 9
0 4 8
1 2 8
0 7 8
