1
0 7 7
1 6 8
0 7 9
1 6 6
0 7 6
1 7 8
0 8 7
1 7 5
0 9 8
1 6 5
0 6 7
1 5 7
0 4 8
1 5 9
0 9 9
1 9 7
0 10 9
1 11 10
0 11 9
1 8 9
0 10 8
1 8 5
0 9 5
1 5 10
0 5 8
1 5 5
0 4 5
1 8 4
0 9 3
1 8 3
0 8 2
1 7 4
0 9 2
1 9 4
0 10 4
1 11 5
0 8 6
1 11 3
0 10 10
1 10 7
0 9 6
1 12 8
0 7 1
1 6 0
0 10 11
1 10 12
0 11 11
1 8 8
0 11 2
1 10 2
0 12 4
1 6 10
0 9 11
1 8 11
0 8 10
1 7 11
0 13 11
1 12 11
0 4 7
1 4 6
0 6 4
1 8 12
0 9 13
1 3 6
0 9 12
1 9 10
0 4 9
1 3 10
0 4 10
1 4 11
0 12 10
1 14 12
0 12 9
1 13 9
0 11 7
1 12 6
0 10 5
1 5 11
0 6 11
1 5 12
0 5 13
1 6 13
0 2 9
1 7 14
