0
0 7 7
1 6 6
0 5 8
1 8 6
0 8 7
1 9 7
0 5 5
1 7 5
0 6 4
1 10 8
0 11 9
1 7 4
0 5 7
1 5 6
0 7 6
1 6 7
0 4 6
1 3 7
0 4 3
1 6 5
0 4 7
1 8 3
0 9 2
1 3 5
0 3 8
1 4 8
0 5 9
1 6 9
0 6 8
1 7 3
0 10 6
1 7 2
0 7 1
1 6 3
0 10 3
1 4 5
0 7 8
1 8 1
0 5 4
1 7 9
0 10 5
1 10 4
0 9 8
1 8 8
0 11 10
1 10 9
0 9 3
1 9 9
0 8 9
1 3 4
0 2 3
1 5 2
0 9 6
1 11 4
0 4 1
1 9 4
0 8 4
1 12 2
0 11 6
1 10 7
0 11 7
1 11 8
0 4 2
1 12 4
0 13 4
1 5 11
0 6 10
1 12 5
0 12 3
1 13 6
0 12 7
1 5 0
0 6 1
1 3 3
0 3 6
1 13 8
0 12 8
1 9 5
0 11 3
1 13 3
0 10 10
1 9 11
0 4 10
1 3 11
0 1 4
1 2 5
0 0 5
1 3 2
0 3 1
1 5 1
0 5 3
1 2 0
0 4 9
1 5 10
0 13 7
1 14 6
0 6 2
1 4 4
0 1 6
1 2 7
0 14 10
1 13 9
0 12 10
1 13 10
0 12 9
1 12 6
0 12 11
