1
0 7 7
1 8 8
0 9 7
1 9 8
0 10 8
1 6 8
0 11 9
1 8 6
0 12 10
1 13 11
0 11 10
1 8 7
0 8 5
1 13 9
0 13 10
1 10 10
0 11 12
1 11 11
0 7 10
1 12 12
0 9 9
1 7 8
0 5 8
1 6 9
0 9 6
1 13 13
0 14 14
1 5 10
0 4 11
1 8 12
0 10 9
1 8 9
0 8 10
1 7 11
0 6 7
1 7 6
0 4 9
1 6 5
0 5 4
1 5 12
0 11 7
1 12 6
0 2 11
1 3 10
0 5 9
1 4 10
0 2 10
1 6 12
0 7 12
1 12 9
0 12 7
1 11 8
0 2 9
1 2 8
0 5 11
1 3 11
0 2 12
1 2 13
0 3 9
1 1 9
0 12 11
1 10 13
0 11 13
1 3 7
0 4 6
1 6 10
0 6 11
1 10 14
0 9 13
1 1 8
0 1 11
1 4 8
0 10 7
1 13 7
0 10 5
1 10 6
0 9 11
1 10 12
0 10 11
1 10 4
0 11 5
1 9 5
0 9 12
1 9 10
0 9 4
1 11 6
0 8 13
1 7 14
0 1 10
1 9 14
0 12 14
1 8 14
0 6 14
1 11 14
