1
0 7 7
1 7 6
0 6 6
1 8 8
0 6 7
1 6 8
0 6 5
1 7 8
0 5 8
1 8 9
0 6 4
1 6 3
0 7 5
1 5 7
0 8 10
1 10 8
0 9 8
1 8 5
0 7 4
1 8 4
0 8 3
1 5 6
0 4 4
1 8 6
0 8 7
1 7 3
0 5 5
1 3 3
0 4 5
1 3 5
0 4 6
1 4 3
0 5 3
1 10 6
0 11 7
1 10 7
0 10 9
1 9 7
0 11 5
1 6 10
0 7 9
1 6 2
0 9 5
1 12 10
0 11 9
1 11 6
0 9 6
1 5 1
0 4 0
1 10 5
0 10 4
1 11 10
0 9 3
1 12 6
0 10 1
1 9 2
0 7 10
1 4 7
0 12 9
1 13 9
0 4 2
1 3 1
0 3 7
1 2 8
0 7 2
1 3 4
0 3 2
1 6 1
0 7 1
1 8 2
0 5 2
1 13 6
0 14 6
1 2 2
0 14 5
1 13 8
0 12 7
1 13 7
0 13 5
1 13 10
