1
0 7 7
1 7 8
0 8 9
1 8 7
0 6 10
1 9 8
0 6 9
1 10 9
0 11 10
1 6 5
0 7 6
1 6 8
0 10 8
1 9 9
0 7 9
1 9 10
0 9 7
1 8 8
0 5 8
1 4 9
0 11 9
1 8 6
0 11 8
1 11 11
0 12 10
1 13 11
0 11 6
1 11 7
0 4 7
1 3 6
0 12 9
1 13 10
0 12 8
1 12 11
0 10 11
1 9 12
0 9 11
1 10 10
0 12 12
1 13 8
0 13 9
1 8 4
0 8 5
1 10 13
0 11 12
1 8 11
0 9 4
1 6 7
0 10 7
1 9 6
0 6 4
1 7 12
0 6 13
1 8 12
0 6 12
1 6 11
0 8 13
1 10 5
0 11 4
1 3 8
0 5 10
1 12 5
0 7 13
1 5 13
0 4 10
1 7 10
0 11 14
1 5 11
0 12 6
1 12 7
0 11 2
1 10 3
0 11 5
1 11 3
0 2 10
1 3 10
0 4 11
1 10 2
0 10 4
1 9 3
0 7 5
1 12 3
0 8 3
1 13 3
