0
0 7 7
1 6 6
0 7 5
1 6 7
0 6 8
1 8 6
0 7 6
1 7 8
0 6 5
1 5 3
0 5 7
1 8 7
0 7 4
1 7 3
0 8 5
1 5 5
0 8 9
1 5 4
0 5 2
1 6 3
0 4 3
1 4 5
0 3 6
1 4 6
0 6 4
1 4 7
0 4 8
1 8 3
0 9 3
1 10 5
0 9 6
1 7 2
0 8 1
1 11 6
0 9 4
1 9 5
0 11 2
1 10 3
0 3 4
1 6 1
0 3 5
1 3 7
0 3 3
1 3 2
0 1 6
1 2 5
0 10 2
1 8 4
0 10 6
1 2 8
0 1 9
1 2 6
0 2 7
1 6 2
0 5 1
1 12 5
0 2 4
1 4 2
0 9 1
1 9 2
0 1 8
1 1 7
0 3 9
1 4 9
0 12 4
1 11 3
0 11 5
1 13 3
0 10 4
1 8 2
0 10 1
1 11 1
0 13 4
1 11 4
0 13 6
1 12 3
0 14 3
1 7 1
0 4 4
1 10 7
0 13 7
1 12 6
0 13 8
1 13 5
0 2 10
1 1 11
0 3 11
1 4 12
0 4 10
1 5 9
0 3 10
1 1 10
0 3 12
1 3 8
0 3 13
