1
0 7 7
1 8 6
0 7 5
1 8 5
0 8 4
1 8 8
0 6 6
1 5 7
0 8 7
1 6 3
0 7 4
1 7 6
0 6 8
1 6 7
0 9 4
1 10 4
0 5 8
1 7 8
0 9 3
1 10 2
0 5 4
1 6 4
0 7 3
1 9 5
0 8 3
1 7 2
0 9 2
1 6 5
0 9 1
1 9 0
0 11 3
1 10 3
0 10 1
1 11 0
0 11 1
1 8 1
0 10 5
1 8 9
0 9 10
1 6 2
0 6 1
1 10 0
0 8 0
1 5 2
0 4 2
1 13 0
0 12 0
1 6 10
0 12 1
1 13 1
0 9 7
1 9 6
0 11 6
1 12 7
0 11 7
1 10 7
0 12 6
1 11 8
0 12 9
1 10 8
0 9 8
1 10 9
0 10 10
1 4 5
0 5 6
1 9 9
0 7 9
1 4 4
0 8 10
1 12 10
0 10 12
1 9 11
0 11 5
1 11 4
0 10 6
1 13 6
0 14 5
1 3 5
0 5 3
1 2 5
0 5 5
1 14 4
0 4 6
1 13 4
0 12 4
1 13 3
0 13 2
1 11 10
0 12 2
1 12 3
0 13 9
1 1 5
0 0 5
1 14 7
0 12 5
1 13 5
0 13 7
1 14 10
0 12 12
1 14 8
0 14 9
1 13 12
0 8 11
1 12 11
0 14 13
1 4 7
0 3 7
1 2 8
0 9 12
1 13 8
0 12 8
1 11 9
0 3 9
1 13 11
0 14 12
1 11 11
0 10 11
1 11 12
