0
0 7 7
1 7 8
0 6 8
1 8 6
0 9 9
1 6 6
0 9 6
1 8 9
0 9 7
1 9 8
0 8 8
1 10 7
0 7 10
1 11 6
0 12 5
1 6 9
0 7 9
1 6 10
0 11 5
1 10 6
0 10 5
1 9 5
0 11 4
1 12 3
0 10 10
1 11 11
0 13 6
1 10 3
0 13 5
1 14 5
0 13 7
1 13 4
0 12 6
1 10 4
0 11 7
1 10 8
0 11 3
1 11 2
0 10 1
1 12 1
0 9 4
1 4 11
0 5 10
1 9 10
0 6 7
1 5 7
0 9 11
1 12 8
0 13 8
1 13 9
0 12 4
1 10 2
0 10 12
1 8 10
0 10 11
1 10 13
0 8 11
1 4 8
0 3 9
1 8 4
0 7 5
1 10 9
0 8 12
1 7 13
0 3 11
1 12 2
0 9 2
1 13 2
0 14 2
1 7 3
0 6 2
1 8 3
0 8 5
1 6 3
0 9 3
1 8 13
0 9 13
1 2 8
0 6 11
1 7 11
0 3 8
1 3 10
0 4 9
1 2 7
0 7 6
1 5 8
0 7 12
