1
0 7 7
1 6 6
0 6 5
1 7 5
0 5 7
1 6 7
0 5 9
1 7 4
0 6 8
1 8 6
0 8 7
1 7 6
0 9 6
1 9 7
0 6 4
1 4 6
0 5 6
1 5 8
0 4 9
1 6 9
0 3 11
1 4 10
0 4 7
1 7 3
0 7 2
1 9 4
0 8 5
1 10 5
0 3 8
1 2 9
0 2 7
1 5 10
0 3 7
1 1 7
0 1 6
1 0 5
0 2 6
1 6 10
0 3 10
1 3 9
0 5 11
1 0 6
0 2 8
1 10 8
0 11 9
1 10 6
0 10 7
1 8 8
0 7 9
1 12 7
0 11 6
1 11 5
0 12 4
1 13 5
0 12 5
1 9 8
0 11 8
1 12 9
0 2 4
1 2 5
0 4 11
1 6 11
0 13 4
1 14 3
0 2 11
1 1 11
0 1 12
1 0 13
0 8 10
1 9 11
0 1 8
1 4 8
0 3 6
1 4 5
0 3 5
1 3 4
0 12 2
1 12 3
0 3 12
1 9 10
0 9 9
1 12 8
0 12 10
1 0 12
0 2 10
1 6 12
0 6 13
1 0 8
0 0 7
1 11 7
0 9 5
1 13 9
0 14 10
1 12 6
0 14 4
1 10 4
0 13 7
1 8 4
0 11 4
1 9 3
0 8 2
1 10 2
