1
0 7 7
1 8 6
0 9 7
1 7 6
0 9 4
1 9 6
0 6 6
1 10 7
0 8 8
1 5 5
0 10 6
1 11 5
0 11 8
1 9 9
0 8 4
1 7 4
0 7 5
1 5 7
0 11 7
1 9 5
0 10 2
1 9 3
0 7 9
1 6 10
0 9 8
1 12 8
0 11 10
1 11 9
0 13 7
1 10 9
0 12 9
1 8 5
0 6 3
1 10 5
0 12 5
1 5 8
0 5 6
1 10 4
0 8 2
1 6 7
0 4 9
1 11 3
0 12 2
1 11 2
0 11 4
1 3 7
0 7 8
1 10 8
0 12 3
1 12 4
0 13 6
1 10 3
0 13 8
1 10 11
0 10 10
1 13 9
0 13 5
1 13 4
0 12 10
1 9 10
0 13 10
1 14 10
0 6 9
1 5 9
0 4 8
1 5 10
0 5 11
1 14 7
0 7 10
1 7 11
0 8 9
1 6 4
0 4 6
1 4 7
0 2 7
1 9 13
0 8 12
1 7 3
0 8 3
1 2 5
0 5 12
1 6 11
0 8 11
1 8 10
0 6 12
1 9 12
0 9 11
1 7 13
0 8 1
1 8 0
0 12 1
1 3 6
0 1 4
1 3 5
0 3 4
1 4 5
0 1 5
1 6 5
