0
0 7 7
1 6 8
0 5 7
1 7 8
0 8 8
1 6 6
0 5 6
1 6 7
0 6 5
1 4 7
0 5 8
1 5 5
0 6 10
1 6 4
0 9 7
1 7 9
0 5 10
1 5 9
0 7 10
1 8 10
0 6 11
1 4 5
0 4 6
1 3 9
0 8 9
1 9 8
0 4 9
1 7 12
0 4 10
1 3 10
0 4 11
1 4 12
0 6 12
1 6 13
0 5 12
1 4 13
0 3 8
1 2 7
0 5 11
1 3 11
0 5 13
1 5 14
0 8 11
1 7 11
0 3 12
1 2 13
0 9 12
1 6 9
0 7 13
1 8 14
0 9 11
1 5 4
0 3 6
1 6 14
0 7 14
1 7 4
0 4 4
1 2 6
0 9 13
1 9 10
0 10 13
1 11 14
0 1 8
1 2 8
0 2 9
1 8 4
0 9 4
1 1 7
0 8 13
1 11 13
0 10 11
1 11 10
0 10 10
1 10 12
0 11 11
1 9 9
0 12 11
