1
0 7 7
1 6 7
0 6 6
1 4 5
0 5 6
1 6 4
0 4 3
1 5 5
0 7 3
1 4 6
0 4 7
1 6 5
0 7 5
1 2 8
0 3 7
1 3 5
0 2 5
1 5 7
0 6 8
1 7 6
0 5 9
1 4 10
0 2 9
1 1 7
0 5 11
1 2 6
0 5 3
1 6 3
0 3 8
1 1 10
0 3 9
1 4 9
0 5 8
1 3 6
0 5 4
1 3 10
0 5 10
1 5 12
0 7 8
1 4 8
0 4 11
1 6 9
0 9 5
1 8 6
0 6 2
1 8 4
0 0 8
1 8 5
0 8 7
1 2 11
0 8 8
1 9 8
0 9 9
1 10 10
0 9 6
1 9 4
0 10 3
1 10 4
0 7 4
1 1 12
0 0 13
1 1 6
0 0 6
1 8 3
0 8 2
1 7 2
0 10 5
1 11 4
0 12 4
1 1 11
0 1 9
1 4 12
0 3 12
1 1 4
0 1 5
1 2 4
0 1 3
1 6 1
0 5 0
1 3 4
0 12 2
1 3 2
0 3 3
1 2 3
0 5 1
1 5 2
0 2 10
1 1 2
0 0 1
1 2 2
0 4 2
1 2 1
0 2 0
1 12 3
0 0 5
1 0 7
0 4 1
1 4 0
0 7 1
1 3 11
0 0 4
1 8 0
0 0 3
1 0 2
0 11 5
1 10 6
0 13 5
1 12 5
0 1 13
1 10 7
0 11 6
1 10 8
0 10 9
1 6 0
0 11 7
1 11 9
0 2 13
1 1 14
0 10 2
1 11 3
0 9 2
1 11 2
0 1 0
1 12 10
0 9 7
1 13 7
0 12 8
1 11 1
0 11 0
1 13 11
0 14 12
1 13 4
0 10 1
1 11 11
0 11 10
1 10 11
0 12 11
1 13 12
0 6 10
1 7 9
0 13 9
1 4 13
0 6 11
1 13 13
0 8 11
1 7 11
0 8 10
1 8 9
0 12 12
1 7 12
0 7 10
1 9 10
0 12 7
1 12 13
0 11 12
1 10 13
0 11 13
1 8 12
0 6 12
1 9 11
0 7 13
1 3 13
0 6 13
1 6 14
0 13 10
1 9 13
0 10 12
1 2 12
0 4 14
1 14 8
0 14 11
1 9 14
0 9 12
1 12 1
0 14 13
1 14 10
0 9 1
1 11 8
0 14 3
1 14 9
0 0 11
1 7 14
0 11 14
1 8 14
0 5 14
1 10 14
