0
0 7 7
1 8 6
0 9 7
1 6 7
0 10 6
1 8 8
0 8 7
1 10 7
0 7 6
1 9 6
0 7 8
1 7 5
0 7 9
1 7 10
0 11 7
1 11 8
0 12 9
1 8 5
0 7 4
1 8 3
0 8 4
1 9 5
0 6 5
1 9 8
0 11 6
1 5 4
0 12 6
1 8 9
0 6 11
1 8 10
0 13 6
1 14 6
0 10 4
1 9 4
0 12 8
1 12 7
0 13 9
1 14 10
0 13 7
1 11 5
0 10 5
1 13 8
0 13 5
1 10 8
0 13 3
1 13 4
0 10 3
1 10 2
0 11 9
1 10 9
0 9 10
1 9 2
0 9 3
1 10 10
0 10 11
1 11 2
0 8 2
1 12 3
0 10 1
1 8 11
0 8 12
1 12 2
0 13 2
1 12 1
0 12 4
1 9 12
0 10 13
1 6 9
0 5 8
1 7 1
0 11 12
1 6 8
0 6 10
1 5 10
0 12 13
1 13 14
0 9 13
1 13 13
0 7 11
1 5 9
0 10 14
