0
0 7 7
1 6 8
0 7 9
1 6 9
0 6 10
1 6 6
0 5 11
1 8 8
0 4 12
1 3 13
0 7 8
1 7 10
0 7 11
1 8 11
0 5 8
1 9 12
0 10 13
1 6 7
0 6 5
1 5 12
0 8 12
1 9 13
0 5 9
1 4 8
0 9 14
1 4 13
0 6 11
1 3 12
0 7 5
1 7 6
0 2 10
1 3 11
0 3 10
1 5 10
0 2 13
1 8 6
0 9 6
1 8 5
0 8 7
1 9 4
0 10 3
1 5 6
0 4 6
1 2 12
0 6 12
1 2 11
0 1 10
1 1 11
0 4 10
1 0 10
0 4 14
1 3 9
0 7 13
1 8 14
0 4 11
1 9 3
0 9 1
1 10 5
0 9 11
1 10 10
0 11 6
1 8 10
0 11 10
1 8 13
0 4 4
1 4 5
0 2 3
1 8 3
0 6 14
1 6 13
0 5 14
1 3 14
0 8 2
1 7 3
0 7 2
1 6 2
0 3 5
1 5 1
0 8 4
1 6 1
0 6 3
1 5 2
0 3 3
1 1 3
0 3 4
1 3 6
0 2 2
1 1 1
0 2 4
1 2 1
0 4 1
1 1 4
0 1 2
1 3 2
0 2 6
1 2 5
0 1 7
1 0 8
0 5 3
