1
0 7 7
1 6 6
0 7 5
1 6 8
0 6 7
1 8 6
0 9 6
1 5 7
0 4 6
1 7 8
0 5 8
1 3 9
0 8 5
1 7 6
0 10 7
1 11 8
0 9 7
1 8 7
0 9 5
1 9 8
0 10 8
1 10 5
0 10 9
1 10 10
0 9 4
1 9 3
0 11 7
1 6 5
0 5 4
1 11 10
0 7 4
1 6 3
0 11 4
1 10 4
0 8 4
1 6 4
0 6 2
1 10 6
0 7 3
1 5 1
0 8 10
1 9 9
0 13 7
1 12 7
0 7 2
1 7 1
0 8 2
1 10 2
0 10 3
1 5 2
0 4 8
1 8 1
0 6 1
1 11 11
0 12 12
1 12 10
0 13 10
1 11 12
0 11 9
1 12 8
0 12 9
1 13 9
0 10 12
1 9 2
0 11 2
1 12 1
0 5 0
1 8 3
0 11 13
1 9 11
0 4 9
1 4 7
0 3 10
1 2 11
0 8 11
1 9 10
0 9 12
1 8 9
0 10 11
1 9 1
0 11 1
1 11 3
0 12 4
1 7 10
0 6 11
1 3 8
0 2 9
1 3 12
0 4 13
1 4 11
0 6 9
1 13 11
0 10 13
1 12 13
0 8 13
1 7 12
0 7 13
1 9 13
0 8 12
1 8 14
0 6 13
1 5 13
0 6 10
1 6 12
0 7 11
1 5 9
0 13 0
1 3 11
0 1 11
1 4 12
0 5 12
1 2 10
0 1 9
1 6 14
