1
0 7 7
1 6 7
0 6 6
1 5 5
0 7 6
1 5 6
0 7 8
1 7 9
0 8 4
1 7 5
0 9 6
1 5 4
0 5 3
1 5 8
0 5 7
1 6 5
0 8 5
1 8 6
0 6 3
1 10 7
0 7 4
1 5 2
0 3 3
1 4 3
0 9 4
1 10 4
0 11 2
1 10 3
0 6 2
1 9 5
0 6 1
1 9 7
0 10 8
1 10 6
0 10 5
1 11 4
0 8 3
1 7 2
0 8 8
1 11 8
0 2 1
1 4 5
0 3 5
1 4 4
0 4 6
1 2 4
0 3 4
1 3 6
0 6 9
1 8 7
0 3 2
1 3 1
0 9 9
1 10 10
0 8 1
1 8 2
0 7 1
1 5 1
0 10 1
1 9 1
0 9 2
1 11 0
0 11 7
1 8 10
0 13 4
1 12 3
0 11 3
1 4 1
0 4 2
1 6 8
0 13 5
1 12 6
0 13 2
1 13 3
0 11 5
1 9 11
0 10 12
1 13 6
0 12 2
1 10 2
0 7 3
1 9 3
0 2 2
1 12 5
0 14 7
1 12 7
0 12 4
1 10 9
0 9 10
1 14 5
