1
0 7 7
1 8 6
0 9 8
1 6 6
0 7 6
1 9 7
0 5 5
1 7 5
0 10 8
1 8 4
0 5 7
1 6 4
0 5 3
1 5 4
0 7 4
1 6 7
0 6 5
1 7 2
0 7 8
1 8 8
0 8 7
1 10 9
0 9 6
1 6 9
0 6 3
1 8 5
0 8 3
1 9 3
0 10 2
1 9 2
0 7 9
1 7 10
0 6 8
1 8 10
0 3 5
1 4 6
0 5 6
1 4 7
0 5 8
1 5 9
0 4 4
1 2 6
0 4 8
1 3 8
0 10 5
1 11 4
0 7 3
1 4 3
0 2 5
1 4 5
0 6 2
1 7 1
0 11 6
1 9 4
0 9 1
1 10 4
0 12 4
1 11 5
0 8 2
1 13 5
0 12 5
1 10 7
0 11 3
1 8 0
0 12 6
1 12 7
0 9 10
1 3 9
0 2 9
1 13 7
0 11 7
1 13 6
0 13 4
1 11 8
0 14 5
1 12 3
0 3 10
1 13 9
0 13 8
1 1 8
0 2 10
1 12 9
0 11 9
1 3 6
0 2 7
1 13 10
0 14 11
1 1 6
0 0 6
1 8 11
0 1 10
1 5 10
0 9 11
1 4 10
0 6 10
1 9 12
0 10 13
1 8 12
0 8 9
1 6 12
0 7 13
1 7 12
0 5 12
1 10 12
