1
0 7 7
1 8 8
0 7 9
1 7 10
0 9 7
1 8 9
0 9 6
1 9 8
0 6 11
1 7 8
0 10 8
1 9 10
0 6 7
1 10 7
0 11 6
1 8 10
0 8 7
1 5 7
0 6 10
1 8 6
0 8 11
1 9 12
0 6 8
1 6 9
0 9 11
1 7 11
0 10 10
1 7 12
0 6 12
1 7 13
0 7 14
1 10 11
0 11 12
1 8 12
0 8 13
1 5 8
0 11 7
1 5 6
0 5 9
1 3 6
0 4 7
1 4 11
0 6 13
1 6 14
0 4 6
1 5 4
0 5 5
1 4 5
0 6 3
1 3 12
0 5 10
1 4 10
0 12 6
1 13 5
0 11 4
1 11 5
0 13 6
1 10 6
0 12 3
1 10 5
0 12 5
1 10 3
0 10 4
1 12 4
0 6 4
1 3 7
0 6 5
1 6 6
0 8 2
1 7 3
0 6 2
1 6 1
0 11 9
1 3 9
0 7 5
1 3 8
0 3 5
1 3 10
