1
0 7 7
1 8 8
0 7 9
1 7 10
0 5 9
1 8 9
0 6 8
1 4 10
0 8 10
1 5 7
0 6 11
1 5 11
0 6 13
1 6 12
0 3 9
1 4 9
0 3 10
1 7 13
0 8 14
1 3 8
0 9 11
1 10 12
0 8 6
1 9 5
0 7 12
1 5 13
0 2 7
1 4 12
0 4 11
1 5 12
0 8 11
1 9 10
0 10 11
1 7 11
0 12 11
1 11 11
0 8 13
1 8 12
0 5 14
1 3 12
0 2 12
1 12 10
0 13 9
1 8 4
0 1 9
1 7 3
0 10 6
1 6 2
0 5 1
1 6 6
0 7 5
1 9 14
0 13 12
1 11 10
0 7 6
1 7 8
0 4 14
1 13 10
0 10 10
1 5 6
0 6 7
1 6 14
0 4 5
1 2 10
0 3 11
1 11 9
0 11 12
1 11 8
0 11 7
1 10 8
0 9 8
1 13 11
0 9 7
1 14 12
