0
0 7 7
1 8 8
0 9 7
1 7 8
0 6 8
1 8 6
0 8 7
1 10 7
0 9 8
1 9 6
0 5 9
1 10 6
0 7 6
1 6 5
0 6 7
1 5 7
0 6 10
1 6 9
0 4 8
1 3 7
0 4 10
1 3 11
0 4 9
1 8 5
0 7 4
1 4 7
0 3 10
1 5 8
0 7 10
1 5 10
0 10 5
1 4 11
0 3 12
1 7 5
0 5 5
1 2 7
0 1 7
1 3 6
0 2 5
1 7 11
0 6 11
1 11 8
0 12 9
1 1 11
0 2 11
1 4 13
0 1 12
1 0 13
0 4 12
1 2 12
0 1 5
1 11 6
0 12 6
1 3 13
0 3 5
1 4 5
0 1 8
1 1 6
0 3 9
1 2 8
0 5 14
1 2 13
0 1 13
1 2 6
0 4 6
1 2 3
0 5 12
1 8 9
0 6 12
1 7 12
0 12 8
1 12 7
0 14 5
1 11 7
0 11 9
1 10 9
0 9 10
1 10 10
0 10 8
1 9 9
0 7 9
1 1 2
0 3 4
1 13 5
0 7 13
1 5 11
0 4 14
1 6 13
0 5 13
1 0 11
0 12 10
1 13 11
0 2 14
1 7 14
0 3 14
1 1 14
0 6 14
