1
0 7 7
1 6 8
0 7 9
1 6 7
0 6 6
1 8 8
0 7 8
1 7 6
0 8 5
1 8 7
0 7 10
1 7 11
0 6 11
1 6 5
0 5 4
1 8 9
0 8 10
1 6 10
0 8 11
1 8 12
0 5 9
1 9 12
0 9 9
1 9 13
0 10 14
1 10 11
0 9 10
1 10 8
0 9 8
1 9 7
0 7 12
1 10 9
0 10 10
1 11 10
0 8 13
1 5 10
0 11 9
1 11 11
0 12 8
1 13 7
0 12 9
1 13 11
0 12 11
1 12 10
0 10 12
1 9 11
0 7 14
1 10 7
0 12 7
1 10 6
0 10 5
1 11 5
0 12 4
1 12 6
0 10 4
1 9 4
0 9 6
1 13 10
0 13 9
1 13 6
0 9 14
1 8 14
0 13 5
1 11 6
0 14 6
1 12 5
0 11 4
1 9 3
0 13 4
1 14 4
0 9 5
1 11 3
0 10 1
1 12 3
0 13 3
1 7 5
0 6 13
1 5 14
0 13 2
1 13 1
0 5 12
1 6 4
0 8 6
1 5 5
0 4 13
1 3 14
0 4 11
1 3 10
0 2 11
1 4 14
0 2 14
1 4 5
0 3 5
1 7 3
0 10 3
1 10 2
0 8 2
1 4 6
0 3 7
1 7 4
0 7 2
1 4 7
0 4 8
1 5 6
0 3 8
1 8 3
