0
0 7 7
1 6 6
0 8 6
1 6 8
0 7 5
1 5 4
0 6 7
1 9 7
0 5 8
1 7 6
0 6 5
1 5 6
0 6 4
1 3 6
0 4 6
1 5 5
0 5 3
1 4 2
0 6 1
1 3 3
0 5 7
1 4 7
0 6 3
1 6 2
0 5 1
1 4 4
0 2 2
1 4 1
0 4 3
1 3 4
0 3 5
1 2 4
0 1 4
1 1 5
0 0 6
1 4 5
0 8 3
1 7 3
0 8 5
1 8 4
0 9 6
1 10 7
0 10 5
1 9 5
0 10 6
1 11 6
0 5 2
1 7 4
0 8 7
1 11 4
0 7 8
1 6 9
0 9 4
1 7 2
0 8 9
1 8 8
0 6 10
1 12 5
0 13 4
1 7 1
0 7 0
1 2 7
0 1 8
1 11 7
0 11 5
1 12 7
0 13 7
1 12 6
0 12 4
1 13 5
0 10 8
1 13 6
0 10 3
1 11 8
0 10 9
1 3 7
0 11 9
1 12 9
0 12 8
1 10 10
0 7 9
1 9 9
0 10 2
1 10 4
0 7 10
1 7 11
0 11 2
1 12 1
0 12 3
1 10 1
0 13 3
1 11 3
0 14 2
