0
0 7 7
1 8 6
0 9 7
1 7 6
0 6 6
1 5 5
0 7 8
1 8 7
0 8 8
1 9 8
0 6 5
1 10 6
0 6 7
1 6 4
0 6 8
1 6 9
0 8 9
1 9 10
0 4 8
1 5 8
0 5 7
1 3 9
0 4 7
1 3 7
0 4 6
1 4 5
0 8 10
1 7 9
0 2 6
1 5 6
0 3 5
1 2 4
0 4 4
1 5 3
0 3 10
1 7 5
0 4 2
1 5 2
0 5 4
1 10 9
0 11 10
1 4 9
0 5 9
1 8 11
0 11 8
1 9 12
0 7 10
1 9 9
0 9 11
1 11 6
0 9 6
1 10 8
0 10 7
1 8 5
0 12 9
1 13 10
0 1 7
1 0 8
0 4 10
1 3 11
0 6 10
1 5 10
0 7 12
1 2 7
0 3 8
1 8 3
0 8 4
1 9 4
0 10 5
1 10 3
0 11 2
1 9 3
0 7 3
1 9 1
0 9 2
1 10 2
0 11 3
1 10 1
0 8 12
1 7 11
0 11 9
1 12 8
0 11 11
1 11 7
0 11 12
