0
0 7 7
1 6 8
0 7 9
1 7 6
0 9 9
1 6 6
0 5 6
1 5 8
0 6 7
1 8 9
0 7 8
1 7 10
0 9 7
1 8 7
0 9 8
1 9 10
0 8 8
1 6 10
0 10 10
1 11 11
0 10 6
1 11 5
0 9 5
1 9 6
0 10 8
1 11 8
0 8 11
1 11 7
0 11 6
1 11 9
0 11 10
1 5 10
0 8 10
1 10 7
0 12 9
1 5 11
0 5 9
1 4 10
0 3 10
1 6 11
0 6 12
1 7 11
0 3 9
1 4 11
0 3 11
1 3 12
0 2 13
1 4 9
0 3 8
1 3 7
0 4 12
1 4 13
0 5 12
1 7 4
0 8 5
1 7 12
0 8 13
1 10 11
0 2 10
1 5 13
0 11 3
1 7 13
0 7 14
1 12 11
0 13 11
1 11 12
0 12 13
1 3 13
0 6 13
1 10 13
0 13 10
1 10 12
0 8 6
1 10 4
0 7 5
1 6 4
0 6 5
1 5 5
0 10 5
