1
0 7 7
1 6 7
0 5 6
1 7 6
0 5 8
1 5 5
0 7 8
1 6 8
0 6 9
1 6 5
0 8 7
1 5 10
0 7 10
1 4 7
0 8 11
1 9 12
0 7 9
1 7 11
0 8 9
1 9 9
0 8 10
1 8 8
0 9 10
1 10 10
0 6 13
1 7 12
0 6 11
1 5 12
0 8 12
1 8 13
0 10 7
1 9 8
0 11 7
1 9 7
0 5 9
1 4 9
0 9 6
1 10 5
0 6 12
1 6 10
0 10 11
1 11 12
0 8 5
1 11 8
0 12 8
1 4 10
0 4 8
1 6 4
0 6 6
1 7 3
0 8 2
1 7 5
0 8 6
1 11 11
0 12 12
1 5 14
0 10 6
1 9 5
0 12 6
1 11 6
0 12 5
1 12 7
0 9 4
1 5 13
0 5 11
1 11 5
0 13 5
1 11 10
0 11 9
1 11 13
0 11 14
1 3 14
0 13 9
1 14 10
0 8 4
1 8 3
0 13 8
1 13 10
0 12 10
1 10 13
0 12 13
1 12 11
0 9 14
1 14 9
