1
0 7 7
1 8 8
0 9 7
1 9 8
0 10 8
1 8 6
0 8 7
1 10 7
0 6 7
1 5 7
0 11 6
1 5 6
0 5 8
1 7 4
0 6 8
1 6 6
0 7 6
1 8 5
0 9 6
1 7 8
0 4 9
1 3 10
0 4 8
1 2 9
0 12 6
1 4 7
0 6 5
1 13 7
0 13 6
1 10 6
0 11 7
1 9 9
0 11 4
1 11 5
0 12 3
1 10 5
0 13 5
1 14 4
0 9 5
1 3 8
0 1 10
1 4 11
0 1 8
1 3 11
0 3 9
1 7 10
0 6 11
1 6 13
0 5 12
1 1 11
0 2 11
1 2 10
0 6 10
1 6 9
0 9 4
1 9 3
0 12 5
1 10 3
0 10 4
1 12 4
0 7 11
1 5 9
0 3 12
1 4 13
0 4 12
1 2 12
0 3 13
1 5 11
0 5 4
1 4 3
0 7 12
1 6 12
0 13 4
1 8 4
0 7 5
1 8 3
0 8 2
1 7 3
0 6 3
1 11 3
