0
0 7 7
1 6 7
0 6 8
1 5 9
0 7 9
1 7 6
0 8 5
1 5 6
0 7 8
1 5 8
0 5 7
1 4 6
0 6 6
1 4 9
0 3 10
1 3 6
0 9 6
1 4 7
0 7 10
1 7 11
0 4 8
1 8 4
0 2 5
1 3 9
0 2 9
1 1 6
0 2 6
1 4 5
0 2 7
1 2 8
0 6 3
1 7 4
0 6 5
1 6 4
0 5 5
1 8 8
0 5 4
1 10 5
0 5 12
1 4 11
0 5 11
1 10 4
0 9 4
1 7 5
0 4 4
1 3 3
0 9 5
1 9 7
0 8 6
1 7 3
0 7 2
1 10 7
0 10 6
1 3 4
0 2 3
1 2 4
0 3 5
1 1 7
0 1 5
1 11 7
0 12 7
1 5 10
0 8 2
1 6 2
0 9 12
1 5 1
0 4 0
1 4 2
0 6 0
1 6 11
0 8 13
1 3 1
0 5 3
1 2 1
0 6 1
1 1 1
0 4 1
1 3 7
0 7 12
1 8 12
0 5 0
1 8 3
0 7 0
1 3 0
0 8 0
