0
0 7 7
1 6 6
0 8 6
1 6 8
0 6 5
1 4 8
0 8 7
1 7 8
0 8 8
1 8 9
0 9 8
1 7 6
0 10 7
1 9 7
0 8 5
1 8 4
0 9 3
1 5 6
0 6 7
1 7 4
0 5 5
1 7 5
0 5 7
1 4 7
0 4 6
1 6 2
0 7 3
1 6 4
0 9 4
1 4 4
0 5 4
1 5 8
0 3 8
1 3 6
0 6 9
1 2 5
0 1 4
1 5 3
0 3 5
1 2 6
0 2 4
1 1 3
0 8 3
1 10 3
0 9 5
1 9 2
0 11 6
1 10 5
0 12 5
1 13 4
0 10 4
1 11 3
0 12 6
1 13 7
0 8 2
1 11 5
0 7 1
1 6 0
0 10 6
1 9 6
0 12 3
1 12 4
0 13 6
1 14 6
0 8 1
1 4 2
0 3 1
1 4 1
0 4 3
1 10 2
0 13 5
1 14 4
0 3 2
1 2 1
0 3 4
1 3 3
0 9 1
1 6 1
0 6 3
1 7 2
0 10 8
1 14 7
0 14 5
1 3 7
0 5 9
1 1 5
0 0 4
1 2 7
0 9 9
1 11 7
0 10 10
1 10 9
0 11 11
