2
0 7 7
1 6 7
0 5 8
1 7 8
0 5 6
1 5 5
0 8 6
1 4 6
0 6 8
1 9 5
0 4 8
1 3 7
0 2 8
1 3 8
0 4 10
1 5 9
0 8 8
1 3 9
0 3 10
1 3 5
0 3 6
1 9 9
0 4 9
1 4 11
0 6 10
1 5 10
0 6 9
1 7 10
0 9 7
1 7 9
0 2 11
1 1 12
0 2 10
1 2 9
0 1 10
1 0 10
0 3 12
1 4 13
0 8 7
1 8 9
0 6 11
1 6 12
0 7 11
1 11 9
0 10 9
1 9 10
0 10 11
1 9 11
0 9 12
1 11 10
0 10 10
1 10 8
0 10 12
1 10 13
0 11 7
1 10 7
0 11 12
1 12 12
0 6 4
1 2 5
0 6 5
1 2 4
0 1 3
1 5 3
0 2 6
1 4 5
0 1 5
1 4 4
0 4 3
1 9 8
0 11 6
1 11 8
0 7 4
1 8 3
0 9 4
1 8 4
0 6 2
1 6 3
0 8 12
1 7 12
0 1 4
1 1 6
0 5 4
1 7 6
0 9 13
1 10 14
0 7 3
1 8 2
0 8 1
1 12 9
0 9 6
1 13 10
0 14 11
1 12 10
0 12 11
1 13 11
0 14 12
1 12 8
0 13 8
1 13 13
0 13 12
1 10 6
0 3 2
1 2 1
0 14 10
1 14 13
0 2 3
1 4 1
0 4 2
1 5 2
0 0 1
1 10 5
0 10 4
1 12 6
0 12 7
1 12 13
0 11 13
1 11 5
0 8 5
1 12 5
0 13 5
1 5 1
0 3 1
1 3 3
0 2 2
1 1 2
0 7 1
1 7 2
0 3 13
1 0 4
0 11 2
1 13 7
0 4 12
1 3 11
0 5 7
1 5 11
0 9 1
1 10 1
0 10 3
1 12 1
0 9 2
1 11 4
0 9 3
1 9 0
0 8 13
1 12 4
0 8 11
1 8 14
0 5 0
1 7 14
0 9 14
1 13 3
0 14 2
1 5 12
0 5 13
1 14 9
0 12 3
1 0 5
0 0 6
1 13 2
0 13 1
1 0 9
0 6 13
1 7 13
0 11 11
1 0 11
0 0 8
1 8 0
0 13 14
1 7 0
0 10 0
1 2 7
0 11 1
1 4 0
0 2 13
1 2 12
0 14 3
1 14 4
0 11 3
1 1 13
0 6 6
1 0 12
0 0 13
1 6 14
0 3 0
1 5 14
0 4 14
1 7 5
0 1 9
1 11 14
0 1 7
1 0 2
0 14 6
1 1 0
0 14 1
1 14 0
0 14 8
1 12 0
0 0 14
1 1 11
0 1 14
1 11 0
0 13 4
1 14 5
0 10 2
1 8 10
0 0 7
1 12 2
0 14 14
1 4 7
0 0 0
1 13 6
0 6 0
1 1 1
0 12 14
1 6 1
0 14 7
1 1 8
0 3 14
1 2 14
0 13 9
1 0 3
0 13 0
1 3 4
0 2 0
