1
0 7 7
1 6 7
0 6 6
1 5 5
0 4 8
1 7 5
0 4 5
1 3 4
0 4 6
1 4 7
0 7 8
1 7 6
0 5 8
1 6 8
0 5 7
1 5 6
0 3 8
1 6 5
0 9 6
1 7 4
0 8 3
1 8 7
0 5 4
1 5 2
0 3 9
1 2 10
0 1 8
1 2 8
0 3 6
1 2 7
0 2 9
1 3 7
0 4 9
1 1 9
0 6 3
1 7 2
0 7 3
1 9 3
0 6 9
1 5 9
0 4 3
1 5 3
0 4 2
1 4 4
0 3 11
1 3 10
0 6 2
1 9 4
0 8 5
1 8 4
0 10 4
1 9 2
0 9 1
1 1 7
0 0 7
1 2 6
0 3 5
1 10 2
0 11 1
1 2 4
0 2 5
1 1 4
0 0 4
1 1 5
0 0 6
1 0 5
0 10 1
1 8 1
0 8 2
1 1 3
0 1 6
1 10 3
0 11 4
1 10 7
0 11 2
1 11 3
0 12 3
1 13 4
0 5 1
1 6 4
0 13 2
1 10 5
0 12 1
1 13 1
0 12 2
1 12 4
0 4 11
1 2 11
0 4 10
1 4 12
0 13 3
1 9 7
0 8 6
1 13 5
0 14 6
1 12 5
0 11 6
1 13 6
0 11 5
1 13 7
0 12 7
1 13 8
