1
0 7 7
1 6 6
0 7 5
1 6 7
0 9 5
1 7 6
0 8 4
1 6 5
0 6 8
1 8 6
0 9 6
1 6 4
0 6 3
1 10 6
0 7 4
1 10 7
0 7 8
1 10 5
0 10 4
1 9 4
0 8 5
1 5 2
0 5 8
1 4 8
0 9 8
1 8 8
0 7 9
1 4 6
0 5 6
1 4 9
0 4 7
1 7 10
0 2 5
1 3 6
0 9 7
1 9 9
0 8 10
1 9 11
0 8 7
1 10 9
0 10 8
1 11 9
0 12 9
1 11 7
0 8 2
1 8 3
0 11 6
1 10 10
0 8 12
1 11 11
0 12 12
1 11 8
0 11 10
1 8 11
0 12 11
1 12 7
0 9 10
1 12 10
0 13 7
1 12 6
0 7 11
1 13 6
0 14 5
1 9 2
0 9 3
1 7 1
0 5 10
1 6 9
0 5 9
1 5 7
0 11 1
1 10 2
0 9 13
1 6 10
0 5 12
1 5 11
0 9 12
1 10 11
0 11 12
1 10 12
0 10 13
1 13 10
0 6 12
1 7 12
0 12 13
1 11 13
0 5 13
1 4 14
0 4 10
1 3 11
0 11 2
1 3 9
0 2 10
1 13 9
0 14 8
1 12 8
0 14 10
1 6 1
0 7 2
1 12 4
0 12 5
1 9 1
0 11 3
1 8 1
0 5 1
1 10 1
