1
0 7 7
1 6 7
0 6 8
1 5 9
0 7 8
1 7 9
0 6 9
1 5 8
0 5 10
1 4 11
0 7 6
1 6 5
0 8 6
1 9 6
0 8 9
1 8 5
0 9 5
1 10 4
0 10 7
1 8 10
0 10 8
1 9 8
0 7 5
1 7 4
0 11 9
1 9 7
0 10 6
1 10 9
0 8 4
1 11 7
0 6 6
1 9 3
0 5 6
1 4 6
0 5 5
1 9 9
0 9 10
1 4 4
0 5 4
1 5 3
0 10 11
1 11 12
0 7 10
1 4 3
0 4 5
1 6 3
0 5 2
1 8 3
0 7 3
1 6 2
0 7 1
1 11 5
0 12 6
1 11 10
0 12 11
1 11 6
0 11 4
1 9 2
0 10 1
1 3 5
0 2 6
1 2 3
0 3 3
1 10 5
0 9 4
1 8 8
0 9 1
1 11 1
0 8 2
1 6 4
0 6 1
1 8 1
0 11 11
1 9 11
0 13 11
1 14 11
0 12 10
1 14 12
0 12 12
1 12 13
0 10 12
1 9 13
0 13 9
1 14 8
0 13 10
1 13 12
0 12 8
1 12 9
0 5 1
1 14 10
0 14 9
1 14 13
0 14 14
1 5 11
0 6 10
1 6 12
0 5 7
1 4 8
0 13 7
1 13 8
0 10 13
1 10 10
0 8 11
1 9 12
0 3 1
1 4 1
0 1 2
1 4 10
0 4 9
1 3 9
0 2 8
1 7 13
