1
0 7 7
1 6 8
0 6 9
1 7 9
0 5 7
1 6 7
0 5 10
1 5 8
0 7 8
1 4 11
0 4 9
1 6 11
0 5 11
1 5 12
0 4 8
1 7 10
0 4 13
1 9 8
0 8 9
1 6 6
0 4 7
1 4 6
0 3 7
1 6 5
0 6 4
1 7 6
0 8 7
1 9 6
0 8 6
1 8 8
0 9 7
1 10 8
0 2 7
1 1 7
0 6 10
1 5 9
0 3 8
1 1 6
0 3 6
1 3 5
0 11 8
1 8 5
0 9 4
1 7 12
0 4 12
1 7 13
0 7 11
1 7 5
0 5 5
1 10 5
0 9 5
1 1 8
0 3 10
1 3 9
0 1 5
1 2 8
0 4 10
1 2 10
0 5 4
1 8 4
0 8 2
1 1 10
0 1 9
1 10 7
0 10 6
1 8 14
0 10 4
1 11 3
0 5 3
1 5 6
0 7 3
1 9 1
0 10 2
1 6 3
0 7 4
1 2 6
0 9 3
1 7 1
0 9 2
1 11 2
0 11 1
1 11 4
0 5 1
1 5 2
0 6 2
1 7 2
0 4 0
1 12 3
0 13 2
1 11 5
0 11 6
1 8 1
0 10 1
1 13 3
0 10 3
1 10 0
0 8 3
1 11 0
0 5 13
1 3 13
0 6 12
1 8 10
0 8 11
1 9 11
0 10 12
1 10 10
0 12 8
1 8 12
0 6 14
1 11 9
