1
0 7 7
1 8 6
0 6 6
1 8 8
0 8 5
1 6 8
0 8 9
1 7 9
0 9 7
1 6 7
0 9 8
1 9 11
0 8 10
1 7 10
0 7 11
1 9 9
0 9 6
1 10 7
0 7 5
1 9 5
0 7 6
1 7 4
0 10 3
1 8 4
0 6 5
1 10 9
0 5 4
1 8 7
0 5 5
1 4 5
0 5 6
1 5 3
0 4 6
1 3 6
0 6 4
1 3 7
0 3 8
1 10 10
0 10 8
1 7 3
0 6 2
1 6 3
0 4 3
1 3 2
0 4 4
1 3 3
0 4 7
1 2 9
0 5 7
1 5 8
0 4 8
1 3 9
0 4 9
1 4 10
0 1 6
1 2 7
0 2 8
1 3 4
0 3 5
1 3 1
0 3 0
1 1 8
0 0 9
1 3 10
0 4 11
1 11 9
0 12 8
1 11 11
0 12 12
1 11 12
0 11 10
1 12 11
0 10 11
1 13 8
0 2 4
1 1 3
0 8 12
1 13 9
0 12 9
1 13 10
0 13 7
1 10 13
0 9 14
1 14 9
