0
0 7 7
1 7 8
0 8 8
1 5 6
0 6 7
1 5 7
0 7 6
1 8 7
0 6 8
1 6 6
0 5 9
1 8 6
0 4 10
1 3 11
0 8 5
1 5 8
0 6 10
1 6 9
0 5 10
1 3 10
0 3 9
1 5 11
0 7 11
1 8 12
0 4 8
1 3 7
0 7 10
1 8 10
0 9 4
1 10 3
0 7 12
1 7 13
0 4 9
1 8 13
0 8 11
1 4 7
0 6 13
1 9 10
0 6 11
1 3 8
0 2 9
1 1 9
0 5 5
1 3 6
0 2 5
1 1 7
0 2 7
1 10 10
0 9 11
1 10 11
0 11 10
1 4 12
0 2 10
1 2 8
0 4 6
1 9 6
0 10 5
1 3 5
0 3 4
1 10 13
0 10 12
1 8 9
0 11 12
1 11 13
0 9 13
1 1 6
0 1 8
1 2 6
0 4 4
1 6 5
0 7 4
1 7 5
0 6 4
1 5 4
0 11 11
1 12 10
0 8 4
1 10 4
0 8 2
1 7 3
0 8 3
1 8 1
0 7 2
1 6 1
0 11 6
