1
0 7 7
1 7 8
0 6 8
1 8 6
0 6 7
1 9 6
0 8 5
1 8 7
0 10 5
1 6 9
0 5 10
1 7 6
0 10 6
1 9 7
0 9 8
1 9 4
0 9 5
1 7 5
0 10 8
1 10 7
0 11 7
1 12 8
0 8 10
1 9 9
0 12 5
1 11 5
0 7 10
1 6 10
0 8 4
1 7 3
0 12 6
1 6 4
0 5 3
1 11 6
0 12 3
1 12 4
0 8 2
1 7 2
0 7 4
1 6 0
0 7 9
1 9 11
0 4 6
1 5 7
0 13 5
1 14 4
0 8 3
1 8 1
0 9 12
1 6 5
0 6 3
1 6 6
0 5 6
1 11 9
0 10 10
1 10 9
0 12 9
1 11 10
0 5 2
1 4 1
0 8 9
1 11 11
0 11 12
1 3 4
0 5 12
1 6 11
0 5 4
1 5 5
0 5 1
1 5 0
0 10 12
1 8 12
0 7 11
1 7 0
0 8 0
1 10 11
0 12 11
1 3 9
0 4 8
1 13 2
0 4 5
1 4 7
0 5 13
1 5 11
0 6 12
1 4 14
0 3 12
1 4 12
0 12 12
1 13 12
0 13 10
1 10 13
0 12 13
1 12 10
0 7 12
1 7 13
0 3 6
1 2 7
0 4 4
1 2 6
0 6 2
1 7 1
0 4 2
1 4 3
0 3 13
1 1 7
0 3 7
1 2 8
0 4 10
1 2 9
0 2 5
1 2 10
