0
0 7 7
1 8 6
0 7 5
1 7 8
0 8 4
1 6 6
0 7 6
1 6 7
0 7 3
1 7 4
0 9 5
1 6 2
0 8 3
1 8 9
0 5 6
1 8 7
0 8 8
1 8 5
0 9 6
1 6 5
0 6 4
1 6 9
0 6 8
1 5 10
0 4 11
1 7 9
0 9 9
1 5 9
0 4 9
1 5 11
0 5 8
1 5 12
0 5 13
1 9 10
0 10 11
1 7 10
0 6 11
1 8 10
0 6 10
1 7 12
0 7 11
1 8 11
0 6 13
1 9 12
0 10 13
1 10 12
0 8 12
1 9 11
0 11 13
1 9 13
0 9 14
1 11 10
0 10 10
1 11 11
0 12 10
1 10 9
0 11 8
1 9 8
0 12 11
1 9 7
0 13 10
1 11 12
0 12 9
1 10 7
0 11 6
1 12 12
0 13 12
1 11 7
0 12 7
1 12 8
0 10 5
1 9 4
0 9 3
1 10 3
0 5 3
1 6 3
0 6 12
1 6 14
0 13 8
1 14 9
0 13 9
1 13 11
0 13 6
1 13 7
0 12 6
1 10 6
0 4 2
1 3 1
0 5 1
1 11 2
0 12 1
1 10 2
0 8 2
1 9 1
0 4 8
1 4 10
0 5 5
1 4 6
0 5 4
1 5 2
0 5 7
