0
0 7 7
1 6 7
0 5 6
1 7 6
0 5 8
1 5 5
0 6 8
1 8 7
0 6 5
1 4 7
0 4 8
1 7 8
0 2 8
1 3 8
0 5 7
1 5 9
0 9 6
1 3 9
0 7 9
1 8 10
0 2 9
1 3 10
0 3 7
1 3 11
0 3 12
1 8 9
0 8 8
1 7 10
0 9 10
1 9 8
0 6 11
1 10 9
0 11 10
1 10 7
0 11 6
1 10 6
0 10 8
1 2 10
0 4 6
1 3 5
0 1 9
1 0 10
0 4 10
1 6 6
0 2 11
1 6 10
0 2 6
1 2 5
0 1 5
1 0 4
0 7 11
1 8 11
0 1 6
1 3 6
0 1 4
1 1 3
0 9 12
1 3 3
0 1 10
1 4 13
0 9 13
1 9 11
0 10 11
1 8 13
0 8 12
1 2 2
0 4 4
1 4 3
0 2 3
1 0 9
0 12 9
1 13 8
0 4 1
1 3 2
0 3 4
1 1 8
0 10 12
1 11 12
0 12 10
1 13 9
0 13 10
1 10 10
0 13 11
1 11 9
0 12 8
1 12 7
0 11 11
1 8 14
0 12 11
1 12 12
0 14 11
