1
0 7 7
1 8 8
0 7 9
1 8 9
0 8 10
1 6 8
0 9 8
1 7 8
0 9 9
1 5 8
0 4 8
1 9 10
0 6 7
1 8 7
0 7 11
1 6 12
0 11 7
1 10 8
0 9 6
1 7 12
0 8 11
1 8 6
0 8 5
1 8 12
0 9 12
1 10 7
0 10 13
1 7 10
0 9 7
1 9 5
0 6 11
1 5 11
0 10 11
1 9 11
0 7 13
1 8 13
0 4 7
1 10 9
0 10 6
1 4 6
0 10 12
1 5 5
0 3 7
1 5 7
0 5 6
1 4 12
0 5 12
1 5 9
0 5 10
1 3 5
0 2 4
1 3 13
0 6 5
1 7 4
0 2 7
1 3 8
0 2 14
1 10 14
0 2 6
1 2 5
0 1 7
1 0 7
0 1 5
1 0 4
0 1 6
1 1 8
0 1 3
1 1 4
0 0 3
1 0 6
0 6 13
1 4 11
0 1 14
1 4 10
0 4 13
1 2 9
0 3 10
1 3 9
0 2 8
1 4 9
0 1 9
1 6 9
