0
0 7 7
1 7 8
0 6 8
1 5 10
0 6 7
1 5 9
0 8 8
1 6 6
0 6 9
1 5 7
0 5 8
1 8 10
0 7 10
1 8 11
0 8 5
1 7 6
0 3 6
1 4 7
0 3 7
1 8 12
0 8 13
1 4 9
0 4 8
1 3 8
0 6 11
1 6 10
0 5 6
1 2 7
0 1 6
1 7 11
0 9 13
1 6 12
0 5 13
1 7 13
0 5 12
1 4 13
0 8 7
1 8 6
0 2 6
1 4 6
0 9 8
1 8 9
0 9 7
1 10 7
0 9 10
1 9 9
0 10 8
1 5 11
0 4 10
1 9 11
0 10 10
1 4 12
0 3 13
1 10 12
0 11 13
1 9 12
0 7 12
1 11 11
0 10 11
1 11 9
0 10 9
1 10 6
0 9 6
1 11 12
0 12 12
1 9 5
0 1 5
1 0 4
0 1 8
1 1 7
0 12 13
1 10 13
0 12 11
1 11 10
0 11 8
1 12 8
0 11 7
1 12 10
0 14 8
1 2 9
0 13 11
1 5 14
0 3 4
1 1 10
0 0 11
1 2 11
0 3 12
1 2 10
0 2 8
1 1 9
0 3 9
1 2 13
0 2 12
1 3 11
0 0 8
1 1 11
0 4 11
1 1 12
0 1 13
1 3 10
0 0 13
1 10 14
0 2 4
1 3 3
0 2 5
1 4 3
0 2 3
1 2 2
0 4 5
