1
0 7 7
1 8 8
0 6 6
1 6 8
0 5 7
1 7 8
0 5 8
1 8 9
0 8 7
1 6 7
0 5 6
1 5 5
0 7 5
1 8 4
0 3 9
1 4 8
0 5 9
1 5 10
0 8 6
1 7 6
0 6 11
1 9 10
0 10 11
1 9 8
0 10 8
1 11 9
0 9 9
1 11 10
0 6 9
1 4 9
0 8 10
1 11 7
0 11 8
1 9 5
0 10 6
1 10 7
0 11 6
1 12 7
0 13 7
1 9 4
0 4 7
1 3 6
0 6 4
1 9 7
0 9 6
1 12 6
0 8 11
1 7 10
0 11 11
1 9 11
0 7 4
1 8 3
0 6 12
1 7 11
0 4 10
1 5 11
0 7 9
1 10 10
0 8 12
1 7 2
0 6 1
1 8 1
0 8 2
1 12 10
0 13 10
1 6 3
0 5 4
1 10 3
0 8 5
1 9 3
0 7 3
1 12 5
0 12 8
1 13 6
0 11 4
1 9 1
0 9 2
1 12 3
0 11 3
1 12 4
