0
0 7 7
1 6 7
0 6 6
1 5 5
0 7 6
1 4 5
0 7 5
1 7 8
0 5 6
1 8 6
0 3 5
1 8 4
0 8 5
1 8 8
0 4 6
1 3 6
0 2 4
1 5 7
0 9 5
1 10 5
0 6 5
1 7 4
0 5 4
1 9 8
0 10 8
1 4 3
0 1 3
1 0 2
0 5 9
1 9 4
0 10 4
1 4 4
0 10 3
1 8 9
0 11 6
1 8 7
0 8 10
1 11 4
0 9 6
1 6 8
0 5 8
1 9 10
0 10 11
1 4 8
0 10 9
1 10 10
0 10 7
1 9 9
0 9 11
1 4 2
0 4 1
1 11 11
0 12 12
1 5 2
0 12 9
1 11 8
0 12 10
1 12 11
0 2 3
1 2 5
0 6 1
1 1 6
0 3 4
1 1 4
0 11 13
1 10 12
0 13 11
1 11 9
0 11 10
1 9 12
0 4 7
1 7 12
0 8 12
1 14 10
0 13 8
1 14 7
0 13 9
1 13 10
0 3 8
1 2 9
0 3 1
1 7 1
0 2 1
1 5 1
0 2 2
1 2 0
0 3 3
1 3 2
0 1 2
1 0 1
0 12 7
1 6 2
0 7 2
1 4 0
0 7 3
1 14 9
0 14 8
1 5 0
0 3 0
1 0 3
0 0 4
1 5 3
0 8 0
1 10 13
0 11 12
1 8 11
0 7 10
1 11 3
0 12 6
1 12 8
0 13 7
1 11 5
0 13 6
1 10 6
0 13 5
