1
0 7 7
1 8 8
0 7 9
1 8 9
0 5 7
1 7 8
0 9 8
1 9 10
0 6 7
1 8 7
0 8 6
1 6 8
0 8 11
1 9 6
0 10 5
1 6 9
0 5 10
1 4 6
0 10 10
1 5 8
0 4 8
1 4 7
0 3 6
1 8 5
0 6 6
1 7 5
0 6 5
1 10 11
0 11 12
1 10 7
0 11 8
1 4 5
0 6 3
1 6 4
0 4 3
1 7 3
0 5 5
1 7 4
0 7 2
1 5 4
0 4 4
1 3 3
0 3 9
1 2 10
0 1 9
1 9 4
0 8 4
1 10 3
0 11 2
1 9 3
0 9 5
1 11 3
0 8 3
1 9 2
0 3 7
1 3 8
0 2 9
1 4 9
0 6 10
1 7 11
0 2 6
1 5 9
0 3 5
1 5 3
0 7 10
1 4 10
0 1 7
1 0 8
0 1 8
1 1 6
0 3 10
1 4 11
0 1 5
1 0 4
0 7 6
1 9 1
0 9 0
1 8 1
0 11 4
1 10 1
0 12 1
1 7 1
0 6 1
1 11 1
