0
0 7 7
1 8 6
0 9 6
1 9 7
0 7 5
1 8 8
0 7 9
1 7 8
0 5 7
1 6 8
0 5 8
1 10 8
0 9 8
1 11 7
0 6 7
1 4 7
0 8 5
1 7 6
0 5 10
1 5 9
0 10 5
1 11 5
0 12 3
1 11 4
0 11 6
1 10 7
0 12 7
1 13 8
0 9 4
1 8 3
0 9 5
1 6 5
0 9 2
1 9 3
0 12 6
1 10 3
0 7 3
1 7 4
0 5 6
1 4 8
0 5 4
1 5 5
0 3 10
1 4 9
0 4 10
1 2 10
0 6 12
1 4 6
0 4 5
1 3 7
0 2 8
1 7 11
0 6 10
1 7 10
0 5 11
1 3 9
0 2 9
1 9 9
0 8 10
1 1 11
0 0 12
1 11 9
0 12 10
1 10 9
0 12 9
1 12 8
0 10 10
1 11 8
0 14 8
1 3 4
0 10 6
1 13 6
0 2 5
1 2 6
0 1 5
1 8 11
0 6 9
1 13 7
0 13 5
1 12 5
0 14 7
1 11 10
0 11 11
1 13 9
0 13 10
1 7 12
0 9 10
1 9 11
0 7 13
1 8 14
0 11 12
1 3 6
0 3 5
1 0 5
0 10 11
1 12 13
0 12 11
1 10 13
0 14 6
1 14 9
0 1 8
1 4 11
0 6 2
1 8 4
0 14 4
1 14 5
0 6 13
1 6 11
0 1 6
1 1 7
0 8 2
1 11 2
0 7 2
1 5 2
0 10 2
