0
0 7 7
1 6 8
0 6 9
1 7 9
0 5 7
1 8 9
0 4 7
1 6 7
0 9 10
1 5 8
0 4 8
1 8 8
0 4 9
1 4 6
0 4 11
1 4 10
0 9 7
1 8 10
0 8 11
1 9 8
0 7 8
1 5 10
0 7 10
1 2 8
0 6 5
1 9 11
0 10 12
1 3 9
0 5 11
1 10 9
0 8 7
1 9 9
0 11 9
1 1 7
0 0 6
1 3 7
0 1 9
1 6 4
0 5 5
1 3 8
0 3 10
1 3 5
0 3 6
1 2 6
0 5 3
1 10 8
0 7 11
1 6 11
0 5 4
1 5 6
0 4 4
1 10 7
0 10 10
1 10 5
0 10 6
1 11 6
0 12 5
1 11 7
0 12 6
1 12 7
0 9 4
1 11 8
0 12 8
1 13 7
0 14 7
1 7 6
0 8 5
1 7 5
0 5 2
1 5 1
0 6 3
1 7 4
0 7 2
1 4 5
0 3 3
1 6 6
0 8 6
1 4 3
0 9 12
1 10 13
0 6 13
1 5 12
0 7 12
1 5 14
0 8 12
1 6 12
0 11 12
