1
0 7 7
1 8 6
0 7 5
1 7 4
0 8 8
1 6 6
0 7 6
1 6 4
0 7 9
1 7 8
0 9 7
1 6 10
0 8 7
1 10 7
0 5 7
1 6 7
0 6 5
1 9 8
0 8 9
1 8 10
0 5 3
1 5 4
0 8 4
1 8 5
0 9 6
1 6 9
0 6 8
1 7 10
0 9 10
1 8 11
0 5 8
1 9 12
0 10 13
1 5 10
0 4 10
1 4 4
0 3 4
1 4 6
0 10 6
1 11 5
0 7 3
1 9 5
0 8 13
1 4 5
0 4 3
1 6 3
0 3 6
1 3 3
0 7 13
1 9 13
0 5 2
1 2 5
0 6 1
1 7 0
0 5 9
1 3 11
0 5 5
1 5 6
0 11 12
1 4 11
0 3 12
1 12 5
0 10 5
1 11 6
0 13 4
1 5 13
0 11 4
1 12 3
0 10 11
1 12 13
0 10 10
1 10 12
0 5 11
1 6 12
0 9 9
1 11 11
0 12 10
1 13 10
0 11 9
1 10 9
0 9 11
1 8 12
0 7 12
1 7 11
0 4 14
1 10 14
