1
0 7 7
1 6 6
0 7 5
1 6 7
0 6 8
1 6 4
0 5 9
1 8 6
0 4 7
1 7 6
0 9 6
1 5 8
0 8 5
1 5 6
0 4 6
1 4 9
0 3 10
1 6 5
0 6 3
1 7 4
0 5 4
1 4 5
0 7 8
1 8 3
0 9 2
1 4 10
0 8 7
1 6 9
0 10 5
1 11 4
0 11 5
1 9 5
0 7 9
1 5 7
0 13 5
1 4 11
0 4 12
1 7 10
0 14 5
1 12 5
0 10 7
1 13 6
0 10 4
1 10 6
0 12 6
1 9 3
0 10 3
1 11 7
0 8 4
1 11 8
0 10 1
1 10 2
0 13 7
1 14 8
0 6 10
1 5 11
0 7 11
1 4 8
0 3 9
1 5 12
0 8 12
1 9 13
0 8 1
1 6 11
0 4 13
1 5 10
0 3 8
1 3 11
0 2 11
1 12 8
0 13 9
1 9 1
0 3 14
1 9 12
0 8 11
1 8 13
0 7 12
1 11 10
0 10 11
1 11 9
0 11 6
1 11 11
