0
0 7 7
1 6 8
0 7 9
1 7 6
0 9 9
1 6 6
0 5 7
1 5 6
0 8 6
1 6 7
0 6 9
1 8 9
0 7 8
1 6 5
0 6 4
1 3 6
0 4 6
1 8 7
0 9 8
1 9 7
0 4 4
1 5 4
0 4 3
1 4 5
0 6 3
1 7 3
0 8 5
1 7 4
0 4 7
1 3 4
0 2 3
1 3 5
0 3 3
1 5 3
0 5 5
1 7 2
0 7 5
1 3 7
0 3 8
1 8 3
0 9 2
1 10 5
0 9 4
1 7 0
0 7 1
1 9 3
0 7 10
1 7 11
0 1 3
1 0 3
0 1 1
1 2 2
0 1 2
1 1 4
0 10 3
1 11 4
0 5 8
1 8 11
0 5 10
1 12 3
0 9 6
1 8 10
0 8 8
1 13 2
0 14 1
1 8 13
0 8 12
1 2 7
0 1 8
1 2 6
0 4 11
1 3 12
0 4 9
1 5 9
0 6 10
1 4 8
0 1 5
1 3 10
0 2 4
1 4 2
0 11 8
1 10 8
0 6 11
1 7 12
0 4 12
1 5 11
0 11 2
1 12 1
0 10 10
1 11 11
0 9 11
1 12 8
0 7 13
1 6 14
0 11 9
