1
0 7 7
1 6 6
0 8 6
1 6 8
0 7 5
1 6 7
0 6 5
1 5 4
0 7 8
1 7 6
0 5 6
1 8 5
0 9 4
1 5 8
0 4 9
1 9 6
0 6 4
1 5 3
0 9 7
1 10 8
0 7 3
1 7 4
0 6 3
1 10 7
0 11 8
1 10 10
0 10 9
1 6 10
0 6 9
1 8 9
0 5 10
1 4 11
0 5 5
1 4 6
0 8 2
1 9 1
0 6 11
1 3 8
0 6 1
1 6 2
0 3 5
1 4 5
0 12 7
1 9 10
0 13 6
1 14 5
0 10 5
1 11 6
0 9 8
1 3 7
0 4 8
1 12 10
0 11 10
1 12 11
0 3 9
1 5 9
0 7 12
1 8 13
0 8 3
1 7 2
0 9 3
1 10 3
0 7 1
1 10 4
0 2 10
1 1 11
0 5 1
1 4 1
0 12 9
1 11 9
0 7 11
1 8 10
0 7 10
1 7 9
0 5 7
1 9 11
0 10 12
1 8 12
0 7 13
1 8 11
