0
0 7 7
1 7 6
0 8 5
1 8 7
0 6 4
1 9 6
0 6 5
1 10 5
0 11 4
1 10 6
0 8 6
1 7 5
0 6 6
1 6 7
0 5 5
1 4 4
0 6 2
1 6 3
0 7 3
1 8 2
0 4 6
1 3 7
0 8 8
1 9 9
0 10 4
1 9 5
0 5 1
1 8 4
0 11 6
1 9 4
0 9 3
1 8 10
0 11 7
1 11 5
0 12 5
1 7 8
0 6 9
1 9 8
0 9 7
1 5 6
0 8 9
1 3 4
0 4 5
1 11 3
0 13 6
1 10 3
0 13 4
1 12 4
0 2 3
1 13 3
0 14 2
1 14 3
0 12 3
1 10 9
0 11 10
1 2 2
0 11 9
1 11 8
0 10 1
1 11 2
0 10 2
1 7 2
0 10 8
1 12 10
0 11 1
1 8 3
0 6 1
1 8 1
0 8 0
1 5 10
0 12 1
1 13 1
0 4 1
1 3 1
0 3 5
1 2 5
0 1 3
1 2 4
0 1 4
1 3 2
0 3 3
1 4 3
0 1 6
1 1 5
0 5 4
1 1 1
0 5 2
1 5 3
0 5 8
1 9 10
0 8 11
1 9 12
0 9 11
1 7 10
0 6 10
1 6 11
0 8 12
1 10 10
0 6 8
1 5 9
0 7 9
1 5 7
0 5 11
