1
0 7 7
1 6 8
0 5 7
1 4 7
0 7 9
1 5 8
0 7 8
1 7 6
0 4 9
1 3 9
0 8 9
1 6 9
0 7 10
1 7 11
0 6 11
1 5 12
0 6 7
1 5 6
0 3 8
1 5 10
0 9 10
1 10 11
0 8 7
1 9 7
0 8 6
1 8 8
0 9 8
1 10 7
0 8 10
1 11 10
0 9 11
1 5 9
0 5 11
1 3 6
0 2 5
1 8 13
0 9 12
1 9 9
0 8 4
1 6 6
0 4 6
1 1 4
0 4 8
1 10 10
0 10 12
1 11 13
0 8 5
1 8 3
0 9 13
1 9 14
0 12 12
1 11 12
0 11 11
1 12 10
0 10 8
1 13 10
0 14 10
1 3 12
0 6 12
1 12 11
0 10 13
1 4 11
0 2 13
1 7 4
0 6 5
1 6 13
0 3 10
1 11 8
0 12 9
1 13 12
0 8 11
1 11 14
0 7 5
1 5 5
0 10 5
1 9 5
0 9 6
1 11 4
0 14 13
1 8 14
0 10 14
1 13 11
0 13 13
1 12 7
0 14 11
1 14 12
0 2 11
1 11 7
0 13 7
1 11 6
0 11 5
1 11 9
