0
0 7 7
1 6 8
0 6 6
1 8 8
0 5 8
1 8 6
0 6 7
1 8 7
0 8 9
1 7 8
0 4 10
1 9 8
0 10 8
1 9 7
0 9 6
1 7 6
0 10 9
1 9 10
0 10 10
1 10 7
0 10 12
1 10 11
0 7 9
1 9 9
0 9 11
1 6 5
0 5 4
1 11 7
0 12 7
1 11 6
0 8 10
1 11 13
0 11 9
1 8 12
0 12 8
1 13 7
0 9 5
1 11 5
0 11 4
1 12 6
0 10 4
1 12 5
0 13 4
1 12 4
0 10 6
1 11 12
0 12 3
1 8 4
0 8 5
1 12 13
0 13 14
1 9 13
0 10 13
1 7 11
0 6 10
1 11 11
0 11 8
1 13 5
0 13 6
1 14 5
0 10 5
1 13 2
0 5 10
1 7 10
0 5 7
1 5 9
0 11 14
1 10 2
0 11 3
1 12 2
0 11 2
1 11 1
0 9 3
1 13 3
0 4 8
1 3 9
0 12 14
1 10 14
0 4 7
1 3 7
0 4 9
1 4 6
0 4 11
