1
0 7 7
1 6 8
0 5 7
1 8 8
0 7 8
1 6 7
0 6 6
1 7 6
0 5 8
1 8 7
0 3 9
1 4 8
0 5 9
1 5 6
0 5 10
1 5 11
0 6 9
1 4 9
0 4 7
1 7 10
0 3 6
1 2 5
0 3 7
1 3 8
0 1 7
1 2 7
0 2 8
1 8 10
0 8 9
1 1 6
0 0 5
1 7 9
0 6 10
1 10 9
0 9 8
1 0 9
0 5 5
1 4 6
0 3 3
1 4 4
0 4 11
1 3 12
0 4 3
1 0 6
0 3 4
1 3 5
0 5 3
1 2 3
0 2 4
1 5 1
0 10 11
1 9 10
0 3 10
1 11 8
0 8 11
1 2 12
0 6 3
1 7 3
0 5 12
1 2 9
0 6 13
1 7 14
0 9 13
1 7 11
0 6 12
1 6 11
0 7 12
1 8 12
0 7 13
1 10 13
0 5 13
1 8 13
0 3 13
1 4 13
0 2 10
1 4 10
0 5 4
1 6 2
0 8 4
1 1 10
0 2 11
1 11 10
0 10 10
1 11 9
0 11 7
1 12 9
0 13 9
1 12 7
0 13 6
1 9 11
0 10 12
1 12 10
0 12 8
1 10 6
0 9 7
1 11 12
0 11 11
1 13 10
0 12 11
1 10 7
0 9 6
1 14 11
