0
0 7 7
1 6 7
0 5 6
1 7 6
0 5 8
1 5 5
0 6 8
1 4 9
0 8 8
1 9 8
0 4 8
1 7 8
0 6 5
1 3 8
0 5 9
1 8 6
0 3 7
1 6 10
0 7 4
1 8 3
0 9 9
1 10 10
0 5 10
1 5 7
0 10 6
1 8 5
0 8 4
1 5 11
0 9 4
1 6 4
0 7 3
1 9 5
0 10 4
1 11 4
0 9 7
1 11 5
0 10 5
1 10 3
0 7 2
1 7 1
0 2 6
1 1 5
0 10 7
1 10 8
0 3 6
1 4 6
0 2 5
1 4 7
0 4 10
1 3 11
0 2 4
1 2 7
0 11 7
1 8 7
0 1 6
1 10 9
0 11 10
1 8 1
0 12 5
1 4 12
0 3 13
1 10 11
0 10 12
1 11 3
0 11 2
1 6 11
0 7 11
1 9 10
0 8 9
1 4 11
0 2 11
1 12 3
0 9 3
1 9 2
0 7 0
1 13 3
0 14 3
1 8 10
0 7 10
1 5 13
0 2 10
1 9 1
0 6 1
1 10 1
0 11 1
1 10 2
0 13 5
1 12 4
0 8 0
1 6 13
0 6 12
1 8 11
0 7 12
1 9 12
0 7 13
1 7 9
0 7 14
