0
0 7 7
1 6 7
0 6 6
1 8 8
0 7 6
1 9 7
0 5 6
1 8 6
0 5 9
1 7 5
0 10 8
1 7 9
0 10 6
1 8 7
0 8 9
1 8 4
0 8 5
1 5 11
0 6 10
1 7 11
0 5 8
1 5 7
0 9 10
1 9 11
0 8 10
1 7 10
0 7 12
1 8 11
0 6 11
1 4 7
0 6 13
1 6 12
0 10 11
1 11 12
0 5 10
1 4 9
0 10 7
1 10 5
0 8 13
1 9 14
0 10 10
1 10 9
0 11 10
1 12 10
0 12 9
1 9 12
0 10 13
1 11 13
0 11 8
1 9 6
0 7 8
1 13 8
0 7 13
1 9 13
0 10 12
1 10 14
0 4 6
1 3 6
0 13 10
1 14 11
0 5 13
1 4 13
0 11 9
1 11 7
0 12 13
1 6 4
0 5 3
1 9 8
0 9 5
1 7 2
0 9 4
1 8 14
0 11 14
1 3 7
0 2 7
1 3 9
0 3 8
1 6 14
0 7 14
1 11 4
0 12 3
1 10 3
0 4 8
1 6 8
0 3 10
1 8 1
0 9 2
1 7 1
0 2 10
1 4 10
0 2 8
1 1 8
0 2 9
1 2 6
0 2 11
