0
0 7 7
1 6 8
0 5 7
1 7 8
0 5 8
1 6 9
0 6 7
1 8 7
0 5 10
1 5 9
0 3 7
1 4 7
0 6 6
1 4 9
0 3 9
1 4 8
0 4 6
1 5 5
0 5 6
1 3 6
0 3 10
1 8 9
0 7 9
1 8 6
0 8 8
1 6 10
0 9 9
1 10 10
0 3 11
1 3 8
0 4 10
1 7 11
0 8 12
1 9 6
0 10 5
1 6 11
0 6 12
1 5 11
0 9 11
1 10 6
0 11 6
1 9 8
0 7 10
1 2 10
0 9 10
1 9 12
0 10 9
1 12 7
0 8 11
1 7 12
0 8 13
1 8 10
0 8 5
1 2 9
0 7 6
1 9 4
0 3 12
1 3 13
0 4 12
1 9 5
0 9 7
1 0 11
0 1 10
1 9 3
0 9 2
1 8 4
0 11 7
1 7 3
0 6 2
1 6 4
0 7 4
1 2 7
0 2 8
1 8 2
0 9 1
1 8 3
0 6 3
1 11 3
0 10 3
1 10 4
0 12 2
1 12 6
0 11 5
1 11 8
0 1 7
1 0 6
0 1 9
1 0 10
0 1 8
1 1 6
0 1 11
