0
0 7 7
1 8 6
0 9 7
1 10 6
0 9 6
1 9 8
0 8 5
1 10 7
0 9 4
1 8 9
0 7 10
1 10 5
0 10 4
1 6 5
0 7 6
1 6 7
0 11 2
1 10 3
0 9 5
1 9 3
0 7 8
1 7 9
0 7 4
1 7 5
0 11 4
1 8 4
0 6 6
1 10 9
0 10 8
1 11 9
0 9 9
1 10 10
0 5 5
1 8 8
0 8 10
1 11 7
0 13 4
1 12 4
0 6 3
1 5 2
0 3 3
1 4 4
0 6 12
1 7 11
0 11 3
1 11 1
0 10 2
1 12 2
0 6 9
1 5 10
0 11 6
1 11 5
0 13 3
1 11 10
0 12 11
1 12 8
0 9 11
1 14 10
0 13 9
1 11 11
0 11 8
1 14 6
0 13 7
1 12 3
0 12 5
1 12 1
0 12 0
1 13 1
0 10 1
1 11 13
0 11 12
1 14 8
0 11 14
1 14 9
0 14 7
1 14 11
0 14 12
1 13 10
0 12 10
1 10 11
0 12 12
1 12 13
0 7 12
1 9 12
0 8 13
1 13 8
0 12 9
1 6 10
0 10 12
1 13 12
0 5 8
1 4 7
0 13 6
1 13 5
0 4 6
1 5 11
0 4 12
1 5 12
0 5 13
1 5 9
0 4 8
1 9 13
0 8 12
1 13 13
0 10 13
1 13 14
0 13 11
1 4 11
0 6 11
1 3 8
0 2 9
1 5 3
0 2 10
1 3 11
0 2 8
1 6 4
0 4 2
1 2 7
0 3 7
1 1 9
0 8 11
1 8 14
0 6 13
1 1 6
0 4 9
1 1 11
0 2 11
1 2 12
0 4 10
1 5 1
0 3 5
1 5 4
0 5 0
1 1 8
0 1 10
1 3 10
0 4 13
1 7 13
0 3 12
1 0 9
0 5 14
