1
0 7 7
1 7 8
0 6 6
1 8 8
0 6 8
1 6 7
0 8 9
1 5 9
0 7 9
1 5 7
0 5 10
1 5 6
0 5 5
1 4 7
0 3 8
1 4 5
0 3 4
1 4 4
0 4 6
1 3 7
0 2 7
1 4 9
0 6 10
1 5 8
0 3 10
1 7 10
0 6 9
1 3 11
0 6 12
1 6 11
0 9 9
1 10 9
0 4 10
1 2 10
0 3 9
1 7 13
0 5 11
1 2 8
0 4 12
1 3 13
0 7 12
1 5 12
0 1 6
1 4 13
0 3 14
1 6 13
0 5 13
1 8 10
0 9 8
1 9 10
0 4 11
1 4 2
0 2 13
1 3 12
0 3 5
1 2 11
0 1 10
1 10 10
0 11 10
1 5 3
0 2 9
1 4 3
0 4 1
1 3 3
0 6 3
1 8 12
0 9 11
1 10 7
0 10 8
1 6 4
0 3 1
1 8 5
0 7 6
1 11 8
0 12 9
1 12 7
0 8 11
1 13 6
