1
0 7 7
1 8 8
0 7 9
1 8 7
0 8 6
1 6 8
0 6 9
1 7 8
0 9 8
1 8 9
0 9 10
1 9 9
0 5 8
1 6 11
0 7 10
1 4 7
0 8 10
1 10 10
0 5 10
1 6 10
0 11 11
1 8 11
0 9 11
1 6 12
0 5 11
1 5 9
0 7 12
1 7 11
0 4 8
1 11 13
0 9 13
1 5 6
0 10 12
1 12 10
0 9 12
1 9 14
0 11 12
1 8 12
0 3 8
1 6 13
0 6 14
1 12 12
0 11 9
1 6 7
0 4 5
1 13 11
0 11 10
1 11 8
0 2 8
1 1 8
0 1 6
1 12 9
0 12 11
1 0 5
0 2 7
1 4 9
0 13 10
1 2 9
0 13 12
1 10 9
0 0 7
1 10 13
0 14 10
1 9 6
0 10 11
1 1 9
0 3 9
1 10 7
0 8 5
1 1 7
0 12 13
1 13 14
0 7 14
1 8 13
0 1 11
1 2 10
0 4 14
1 5 14
0 2 5
1 10 8
0 10 6
1 10 5
0 11 4
1 3 10
0 5 12
1 12 8
0 2 6
1 2 4
0 3 6
1 13 8
0 14 8
1 12 7
0 12 6
1 11 6
0 9 4
1 14 9
