1
0 7 7
1 6 6
0 7 5
1 6 7
0 6 8
1 8 6
0 7 6
1 7 8
0 7 9
1 8 9
0 5 6
1 9 10
0 10 11
1 9 12
0 7 4
1 7 3
0 6 5
1 4 7
0 8 5
1 5 5
0 4 4
1 5 4
0 8 3
1 9 2
0 10 5
1 9 5
0 9 6
1 6 3
0 11 4
1 12 3
0 4 2
1 9 11
0 9 9
1 9 13
0 9 14
1 8 4
0 6 2
1 7 2
0 4 5
1 4 3
0 3 1
1 5 3
0 3 3
1 8 1
0 9 0
1 4 6
0 8 2
1 3 7
0 6 4
1 2 1
0 3 2
1 3 4
0 5 2
1 2 2
0 10 7
1 11 8
0 10 6
1 10 8
0 10 4
1 10 3
0 11 5
1 9 3
0 9 7
1 8 8
0 9 8
1 8 7
0 8 10
1 12 4
0 11 3
1 11 2
0 11 6
1 11 7
0 12 6
1 13 6
0 12 7
1 9 4
0 9 1
1 2 8
0 1 9
1 12 1
0 13 0
1 12 2
0 12 0
1 12 5
