0
0 7 7
1 8 6
0 9 6
1 9 7
0 7 5
1 7 4
0 11 8
1 10 7
0 8 7
1 10 8
0 10 5
1 7 8
0 9 5
1 8 5
0 10 9
1 8 3
0 11 10
1 12 11
0 11 9
1 11 7
0 9 4
1 12 7
0 13 7
1 12 6
0 13 5
1 8 4
0 8 2
1 8 10
0 9 9
1 12 9
0 12 8
1 10 10
0 12 5
1 11 5
0 9 10
1 12 4
0 10 6
1 13 8
0 6 2
1 9 2
0 6 5
1 9 8
0 8 11
1 7 12
0 11 4
1 12 3
0 6 3
1 6 4
0 11 11
1 11 12
0 13 6
1 10 3
0 11 3
1 10 13
0 13 10
1 6 1
0 13 4
1 13 3
0 5 4
1 10 1
0 11 0
1 10 2
0 7 2
1 8 1
0 9 1
1 8 9
0 7 10
1 12 2
0 8 8
1 11 2
0 13 2
1 12 1
0 12 0
1 10 0
0 10 4
1 11 1
0 14 4
1 12 12
0 5 5
1 6 6
0 4 5
1 3 5
0 3 6
