0
0 7 7
1 6 8
0 7 9
1 6 6
0 6 7
1 5 7
0 7 8
1 7 6
0 5 6
1 4 5
0 7 10
1 7 11
0 8 9
1 9 10
0 6 11
1 9 8
0 4 8
1 9 9
0 9 7
1 8 10
0 6 12
1 6 10
0 8 7
1 10 7
0 4 13
1 5 12
0 9 6
1 6 9
0 10 8
1 10 10
0 10 5
1 11 4
0 9 5
1 7 5
0 12 10
1 11 9
0 9 11
1 8 4
0 9 3
1 9 4
0 12 4
1 11 5
0 10 4
1 11 3
0 11 2
1 6 5
0 5 5
1 8 12
0 9 13
1 11 6
0 11 7
1 12 5
0 13 4
1 10 3
0 13 6
1 8 1
0 9 2
1 11 11
0 12 12
1 11 10
0 11 12
1 12 11
0 13 12
1 10 12
0 13 5
1 13 7
0 12 3
1 10 1
0 13 3
1 13 2
0 12 6
1 14 4
0 8 2
1 10 2
0 7 1
1 6 0
0 12 13
1 12 8
0 14 6
1 10 11
0 10 13
1 11 13
0 9 12
1 6 4
0 8 8
1 5 4
0 7 4
1 7 2
0 6 3
1 5 3
0 4 2
1 13 11
0 14 11
1 11 14
0 4 3
1 4 1
0 8 5
1 5 2
0 8 6
