1
0 7 7
1 8 6
0 8 8
1 6 6
0 9 6
1 8 7
0 5 8
1 9 8
0 7 6
1 8 9
0 8 5
1 9 4
0 7 5
1 7 4
0 6 5
1 9 5
0 4 9
1 6 7
0 4 5
1 5 5
0 7 8
1 7 9
0 6 8
1 4 8
0 9 3
1 9 9
0 6 9
1 9 11
0 9 10
1 8 4
0 10 4
1 6 2
0 7 3
1 5 4
0 6 4
1 5 3
0 5 2
1 5 7
0 5 6
1 10 9
0 11 9
1 7 10
0 6 11
1 7 13
0 7 1
1 11 5
0 8 3
1 10 3
0 3 10
1 10 7
0 11 6
1 10 6
0 10 8
1 7 12
0 7 11
1 12 8
0 11 7
1 11 10
0 12 11
1 12 4
0 13 3
1 8 12
0 4 11
1 5 11
0 6 12
1 6 10
0 12 10
1 13 11
0 6 14
1 4 12
0 3 13
1 5 10
0 3 9
1 2 9
0 3 11
1 3 12
0 8 2
1 6 0
0 9 1
1 10 0
0 12 12
1 12 13
0 10 1
1 8 1
0 4 10
1 5 9
0 7 0
1 2 12
0 1 12
1 2 11
0 2 10
1 0 10
0 5 13
1 3 7
0 2 6
1 4 13
0 1 10
1 1 9
0 4 6
1 8 10
0 2 5
1 3 6
0 4 4
1 4 3
0 2 7
1 2 4
0 9 2
1 8 13
0 8 11
1 9 12
0 10 11
1 10 12
0 11 12
1 11 13
