1
0 7 7
1 7 6
0 8 5
1 8 7
0 6 5
1 7 5
0 6 3
1 7 3
0 7 4
1 9 6
0 5 6
1 8 3
0 6 4
1 6 2
0 6 6
1 6 7
0 4 4
1 8 4
0 8 8
1 5 5
0 9 5
1 5 1
0 4 0
1 3 4
0 4 7
1 3 8
0 5 8
1 6 8
0 6 9
1 3 6
0 9 9
1 10 10
0 7 10
1 8 11
0 8 9
1 10 9
0 7 9
1 5 9
0 7 11
1 7 8
0 8 10
1 10 8
0 10 11
1 6 10
0 4 6
1 4 5
0 7 12
1 7 13
0 6 12
1 5 13
0 5 12
1 9 8
0 11 10
1 8 12
0 9 11
1 3 3
0 3 5
1 2 3
0 6 11
1 4 13
0 8 13
1 5 10
0 12 9
1 9 12
0 1 7
1 2 6
0 11 13
1 10 12
0 11 12
1 11 11
0 12 13
1 9 10
0 9 13
1 10 13
0 5 2
1 4 1
0 10 5
1 2 4
0 2 5
1 4 2
0 1 5
1 6 0
