1
0 7 7
1 8 6
0 9 7
1 9 6
0 10 6
1 9 8
0 8 8
1 7 9
0 10 10
1 9 9
0 10 9
1 10 7
0 11 5
1 12 4
0 10 11
1 10 12
0 11 10
1 9 11
0 8 10
1 9 10
0 9 12
1 12 9
0 11 8
1 8 11
0 8 9
1 8 7
0 11 11
1 11 9
0 10 5
1 7 6
0 12 5
1 9 5
0 14 5
1 13 5
0 13 6
1 12 7
0 10 3
1 11 4
0 8 13
1 7 14
0 10 4
1 10 2
0 11 3
1 9 3
0 9 4
1 8 4
0 7 5
1 8 3
0 8 5
1 6 5
0 5 4
1 5 6
0 6 6
1 10 1
0 9 2
1 12 8
0 12 10
1 4 7
0 7 4
1 11 1
0 12 0
1 12 1
0 9 1
1 13 1
0 14 1
1 11 2
0 14 10
1 13 10
0 12 6
1 12 3
0 13 4
1 13 2
0 13 7
1 14 8
0 4 4
1 5 5
0 3 4
1 6 4
0 14 6
1 11 6
0 14 4
1 14 3
0 7 3
1 14 2
0 12 2
1 4 5
0 12 11
1 3 8
0 2 9
1 2 5
0 3 5
1 3 6
0 1 4
1 2 4
0 10 0
1 2 6
0 2 7
1 4 6
0 1 6
1 5 8
0 6 9
1 2 8
0 3 7
1 4 8
0 1 8
1 4 9
