0
0 7 7
1 6 8
0 6 9
1 7 9
0 5 7
1 6 7
0 6 6
1 4 10
0 7 5
1 4 8
0 8 8
1 5 5
0 7 8
1 4 9
0 4 11
1 8 7
0 4 7
1 5 10
0 3 10
1 6 11
0 3 8
1 2 9
0 7 6
1 7 4
0 6 13
1 3 9
0 1 9
1 8 9
0 9 6
1 8 6
0 5 11
1 7 12
0 8 13
1 7 10
0 5 12
1 7 14
0 7 13
1 5 13
0 10 10
1 9 9
0 8 12
1 11 9
0 10 9
1 10 7
0 9 8
1 8 10
0 6 10
1 7 11
0 6 12
1 10 8
0 11 7
1 12 10
0 9 7
1 8 4
0 9 13
1 10 13
0 9 11
1 6 14
0 9 4
1 9 5
0 11 8
1 8 14
0 9 14
1 8 5
0 8 3
1 13 11
0 14 12
1 4 14
0 5 14
1 7 3
0 6 2
1 5 4
0 6 4
1 5 3
0 5 2
1 7 2
0 9 10
1 9 12
0 12 7
1 8 11
0 13 6
