0
0 7 7
1 6 8
0 7 9
1 6 7
0 4 9
1 7 8
0 3 10
1 6 9
0 6 10
1 5 6
0 8 9
1 6 6
0 6 5
1 3 8
0 5 8
1 7 6
0 4 6
1 9 6
0 8 6
1 10 5
0 8 7
1 8 8
0 4 10
1 5 10
0 4 11
1 4 12
0 6 13
1 5 12
0 4 8
1 4 7
0 3 7
1 7 11
0 2 8
1 5 5
0 1 9
1 0 10
0 3 9
1 2 9
0 1 10
1 5 11
0 5 13
1 1 11
0 2 6
1 5 9
0 2 11
1 1 12
0 3 12
1 4 13
0 1 7
1 0 6
0 3 5
1 4 4
0 1 6
1 1 8
0 3 13
1 3 11
0 1 5
1 0 4
0 2 4
1 1 3
0 2 5
1 2 7
0 4 5
1 0 5
0 0 3
1 0 7
0 0 8
1 6 11
0 7 10
1 5 4
0 5 3
1 9 8
0 10 8
1 9 7
0 9 9
1 9 4
0 9 5
1 8 5
0 10 3
1 8 11
0 9 11
1 2 2
0 3 3
1 3 1
0 4 0
1 8 3
0 11 6
1 7 2
0 6 1
1 3 6
0 7 4
1 8 2
0 11 9
1 10 9
0 4 2
1 5 1
0 11 7
1 12 6
0 11 8
1 11 5
0 11 10
