1
0 7 7
1 8 6
0 6 6
1 8 8
0 7 6
1 7 5
0 6 7
1 6 4
0 9 7
1 8 7
0 8 5
1 5 8
0 6 8
1 6 9
0 9 4
1 10 3
0 9 6
1 9 5
0 10 7
1 7 4
0 7 9
1 5 4
0 4 4
1 5 3
0 4 2
1 11 6
0 5 5
1 3 3
0 7 10
1 7 8
0 12 5
1 4 3
0 2 3
1 3 6
0 6 3
1 8 3
0 3 2
1 9 2
0 10 1
1 5 6
0 6 5
1 8 10
0 8 9
1 11 3
0 9 3
1 2 5
0 4 7
1 10 4
0 12 2
1 4 5
0 5 2
1 6 2
0 4 1
1 1 4
0 2 2
1 1 2
0 9 8
1 6 11
0 9 9
1 9 10
0 12 3
1 12 4
0 11 2
1 13 4
0 5 7
1 3 7
0 10 9
1 11 9
0 11 8
1 12 9
0 3 5
1 4 6
0 10 6
1 10 8
0 3 1
1 2 1
0 1 3
1 4 0
0 10 2
1 2 7
0 1 8
1 2 6
0 1 6
1 2 8
0 2 4
1 2 9
