0
0 7 7
1 8 8
0 9 7
1 9 8
0 8 6
1 10 8
0 11 8
1 10 7
0 6 7
1 10 9
0 10 6
1 6 9
0 5 7
1 8 7
0 7 6
1 11 6
0 12 5
1 7 8
0 6 8
1 5 9
0 5 10
1 11 10
0 12 11
1 10 11
0 10 10
1 9 9
0 8 9
1 12 9
0 9 12
1 11 9
0 13 9
1 13 8
0 14 7
1 10 5
0 9 6
1 6 6
0 12 7
1 4 9
0 3 9
1 9 5
0 8 10
1 9 11
0 4 6
1 7 9
0 8 5
1 9 4
0 12 4
1 12 6
0 7 12
1 8 3
0 7 2
1 13 5
0 11 7
1 2 8
0 8 11
1 8 12
0 3 7
1 4 7
0 2 5
1 6 10
0 7 11
1 3 8
0 2 4
1 3 5
0 12 8
1 14 10
0 13 3
1 11 5
0 2 6
1 2 3
0 10 4
1 4 8
0 1 8
1 2 9
0 5 6
1 1 10
0 0 11
1 5 11
0 4 12
1 4 11
0 4 10
1 3 11
0 2 11
1 5 8
0 3 6
1 1 6
0 9 3
1 2 7
0 0 5
1 11 12
0 6 13
1 7 14
0 6 12
1 12 13
0 9 10
1 5 14
0 3 12
1 5 12
0 4 14
1 5 13
0 11 13
1 6 14
0 1 12
1 13 6
0 2 12
1 0 12
0 2 13
1 4 3
0 5 5
1 2 10
0 7 5
1 6 4
0 4 5
1 6 5
0 5 4
1 5 3
0 6 3
