0
0 7 7
1 6 7
0 6 8
1 4 9
0 5 8
1 6 10
0 8 9
1 4 8
0 5 9
1 8 6
0 5 7
1 5 10
0 4 10
1 3 11
0 7 9
1 4 6
0 6 9
1 9 9
0 9 11
1 8 10
0 7 10
1 4 7
0 4 5
1 7 8
0 6 11
1 5 12
0 8 11
1 9 12
0 10 11
1 7 11
0 6 12
1 10 8
0 11 7
1 11 9
0 12 10
1 9 7
0 7 5
1 9 8
0 9 6
1 11 8
0 8 8
1 12 8
0 13 8
1 5 6
0 11 11
1 12 11
0 6 5
1 5 5
0 7 13
1 5 11
0 13 9
1 10 12
0 13 10
1 13 7
0 13 11
1 13 12
0 11 10
1 12 12
0 11 12
1 10 10
0 14 6
1 5 13
0 5 14
1 6 6
0 7 6
1 3 6
0 2 6
1 4 12
0 2 10
1 3 13
0 2 14
1 3 7
0 6 4
1 2 8
0 1 9
1 3 9
0 3 8
1 3 10
0 3 12
1 6 13
0 4 11
1 12 13
0 7 4
1 7 3
0 5 4
1 4 3
0 8 4
1 4 4
0 9 4
