1
0 7 7
1 6 6
0 7 5
1 6 5
0 6 4
1 5 3
0 8 7
1 6 7
0 6 8
1 6 3
0 4 3
1 8 6
0 4 5
1 7 6
0 9 6
1 5 8
0 8 5
1 4 9
0 3 10
1 7 4
0 5 6
1 5 9
0 10 5
1 7 8
0 4 4
1 4 2
0 4 7
1 4 6
0 9 5
1 11 5
0 9 7
1 9 4
0 11 4
1 12 3
0 9 9
1 9 8
0 10 7
1 11 7
0 10 4
1 10 6
0 12 9
1 11 8
0 11 9
1 10 9
0 7 2
1 5 2
0 3 9
1 5 1
0 5 4
1 5 10
0 5 11
1 9 10
0 8 11
1 3 2
0 2 2
1 4 1
0 3 0
1 10 3
0 3 12
1 3 11
0 6 11
1 10 11
0 8 9
1 7 11
0 3 4
1 2 4
0 3 3
1 1 1
0 3 1
1 6 1
0 5 7
1 10 10
0 10 12
1 12 7
0 13 6
1 11 10
0 13 10
1 8 10
0 7 10
1 12 10
