1
0 7 7
1 6 6
0 8 6
1 6 8
0 7 5
1 6 7
0 6 9
1 7 8
0 6 4
1 9 7
0 6 5
1 5 8
0 4 8
1 5 6
0 4 5
1 5 5
0 5 7
1 4 9
0 7 6
1 9 8
0 8 8
1 9 5
0 9 6
1 8 9
0 9 10
1 3 10
0 2 11
1 10 7
0 11 6
1 10 6
0 11 7
1 10 5
0 10 8
1 10 3
0 10 4
1 11 5
0 12 5
1 7 10
0 6 11
1 5 4
0 9 9
1 8 10
0 5 3
1 4 2
0 7 4
1 7 3
0 8 4
1 9 4
0 11 11
1 10 10
0 8 5
1 8 7
0 12 6
1 13 5
0 10 2
1 12 4
0 13 3
1 8 3
0 9 3
1 11 1
0 2 10
1 9 11
0 5 2
1 6 3
0 1 11
1 3 9
0 1 10
1 10 12
0 7 9
1 11 13
0 12 14
1 6 1
0 7 2
1 3 11
0 3 8
1 2 9
0 1 9
1 1 8
0 5 12
1 3 12
0 3 13
1 10 13
0 10 11
1 8 12
0 12 8
1 7 13
0 6 14
1 11 9
