1
0 7 7
1 7 6
0 8 5
1 8 7
0 6 4
1 9 6
0 10 7
1 9 8
0 10 9
1 7 8
0 10 5
1 9 5
0 9 7
1 9 10
0 10 4
1 10 6
0 11 6
1 8 9
0 10 11
1 8 8
0 10 8
1 10 10
0 8 10
1 8 6
0 6 6
1 9 4
0 11 7
1 12 6
0 11 9
1 11 8
0 12 10
1 13 11
0 13 9
1 12 9
0 11 11
1 10 12
0 12 7
1 13 7
0 8 11
1 9 11
0 9 9
1 7 11
0 13 8
1 14 9
0 6 5
1 6 7
0 5 6
1 5 8
0 6 8
1 6 9
0 5 10
1 4 7
0 3 6
1 4 9
0 3 10
1 9 12
0 4 6
1 2 6
0 5 5
1 3 7
0 3 5
1 7 5
0 7 9
1 5 7
0 2 7
1 4 5
0 3 3
1 4 4
0 6 3
1 6 2
0 3 4
1 3 2
0 7 3
1 8 2
0 5 3
1 4 3
0 4 2
1 9 13
0 9 14
1 8 12
0 11 12
1 6 10
0 5 9
1 10 14
