1
0 7 7
1 7 6
0 8 6
1 9 5
0 8 7
1 9 7
0 8 9
1 8 8
0 7 8
1 9 6
0 9 8
1 9 4
0 9 3
1 6 5
0 8 5
1 7 9
0 10 6
1 10 9
0 11 6
1 10 7
0 6 7
1 5 6
0 8 3
1 8 4
0 9 10
1 10 11
0 11 3
1 10 3
0 11 5
1 11 4
0 10 4
1 12 6
0 7 4
1 10 10
0 10 8
1 12 5
0 13 6
1 10 12
0 10 13
1 12 8
0 12 7
1 9 11
0 13 7
1 11 13
0 8 10
1 13 8
0 5 7
1 4 7
0 7 1
1 8 2
0 7 3
1 7 2
0 9 2
1 6 2
0 7 11
1 9 9
0 11 11
1 11 8
0 12 9
1 8 12
0 11 9
1 6 3
0 6 4
1 8 1
0 5 4
1 7 13
0 6 14
1 9 12
0 11 12
1 8 13
0 10 1
1 11 0
0 13 10
1 12 11
0 7 14
1 6 12
0 7 12
1 5 11
0 6 10
1 4 10
0 3 9
1 8 14
