1
0 7 7
1 7 6
0 8 5
1 8 7
0 6 5
1 5 5
0 6 8
1 4 6
0 5 9
1 8 6
0 6 6
1 6 7
0 3 7
1 4 8
0 4 7
1 9 6
0 2 7
1 1 7
0 4 10
1 3 11
0 5 6
1 3 8
0 7 5
1 10 5
0 7 8
1 10 6
0 11 6
1 1 8
0 2 8
1 1 9
0 1 10
1 2 10
0 4 12
1 3 9
0 1 11
1 2 9
0 3 10
1 4 11
0 8 4
1 9 3
0 8 3
1 7 4
0 8 8
1 9 8
0 9 9
1 10 10
0 4 9
1 10 9
0 11 10
1 1 5
0 1 6
1 10 8
0 10 7
1 10 12
0 10 11
1 9 5
0 9 4
1 12 8
0 9 12
1 13 8
0 11 8
1 8 13
0 1 12
1 2 11
0 2 12
1 5 12
0 8 2
1 8 1
0 1 13
1 1 14
0 11 7
1 11 9
0 13 7
1 12 7
0 3 12
1 0 12
0 11 4
1 11 5
0 5 11
1 7 9
0 3 13
1 12 10
0 9 7
1 12 9
0 12 6
1 12 11
