0
0 7 7
1 6 6
0 5 7
1 8 6
0 6 8
1 7 6
0 5 6
1 8 5
0 6 9
1 8 7
0 8 8
1 5 8
0 9 4
1 6 5
0 5 4
1 5 5
0 7 5
1 9 8
0 10 9
1 6 4
0 6 3
1 4 5
0 7 3
1 3 5
0 2 5
1 8 3
0 8 4
1 10 6
0 9 6
1 4 6
0 10 4
1 11 4
0 9 3
1 9 5
0 11 5
1 8 2
0 2 7
1 4 7
0 4 8
1 4 4
0 4 3
1 3 6
0 3 7
1 2 6
0 1 7
1 0 7
0 1 6
1 3 3
0 2 2
1 3 4
0 3 2
1 6 2
0 5 3
1 4 9
0 6 7
1 10 2
0 11 2
1 9 2
0 7 2
1 8 1
0 10 3
1 1 5
0 6 10
1 6 11
0 12 1
1 13 0
0 2 1
1 1 0
0 7 9
1 5 11
0 9 9
1 8 9
0 7 10
1 7 11
0 4 11
1 5 10
0 7 12
1 5 12
0 5 9
1 10 1
0 7 4
1 7 1
0 9 1
1 5 13
0 5 14
1 6 12
0 12 6
1 13 7
0 4 2
1 1 2
0 10 10
1 11 11
0 8 10
1 9 10
0 9 11
