0
0 7 7
1 7 8
0 6 8
1 5 9
0 6 7
1 5 10
0 8 8
1 6 6
0 5 8
1 5 7
0 3 9
1 7 5
0 8 4
1 9 6
0 8 7
1 9 7
0 8 6
1 8 5
0 9 5
1 10 4
0 3 10
1 4 9
0 3 8
1 3 7
0 3 12
1 3 11
0 6 11
1 7 4
0 6 3
1 7 3
0 7 2
1 11 8
0 10 7
1 4 8
0 6 10
1 6 9
0 8 9
1 8 10
0 9 8
1 7 10
0 8 1
1 5 4
0 11 6
1 12 5
0 10 9
1 7 6
0 10 6
1 10 8
0 11 10
1 12 11
0 12 8
1 11 7
0 9 9
1 11 9
0 12 9
1 4 7
0 4 6
1 12 10
0 13 11
1 1 7
0 2 7
1 2 6
0 1 5
1 4 4
0 5 3
1 6 4
0 3 4
1 8 2
0 9 1
1 7 1
0 9 3
1 0 8
0 3 5
1 4 11
0 4 10
1 12 6
0 9 2
1 9 4
0 3 3
1 3 2
0 4 3
1 2 3
0 2 5
1 1 6
0 4 5
1 0 5
0 5 5
