0
0 7 7
1 6 8
0 5 7
1 8 7
0 5 5
1 7 8
0 5 8
1 5 6
0 6 6
1 8 8
0 8 9
1 6 9
0 5 10
1 6 10
0 6 11
1 3 9
0 4 9
1 3 8
0 9 8
1 7 10
0 4 10
1 9 6
0 10 5
1 7 9
0 5 11
1 5 9
0 3 7
1 7 11
0 7 12
1 8 13
0 8 12
1 6 7
0 6 12
1 5 12
0 7 13
1 8 14
0 7 5
1 8 4
0 9 5
1 8 5
0 8 6
1 7 4
0 10 7
1 8 3
0 6 5
1 6 4
0 5 4
1 10 4
0 9 4
1 5 2
0 6 3
1 4 5
0 3 4
1 10 6
0 9 7
1 8 2
0 8 1
1 9 3
0 7 1
1 11 5
0 12 6
1 10 3
0 11 3
1 11 6
0 3 3
1 4 4
0 3 2
1 4 3
0 4 6
1 3 5
0 10 8
1 11 9
0 13 5
1 11 7
0 11 8
1 1 7
0 2 6
1 2 8
0 4 11
1 4 8
0 2 11
1 3 11
0 7 2
1 9 0
0 3 1
1 3 0
0 3 10
1 1 12
0 1 10
1 2 10
0 4 13
1 4 12
0 3 12
1 0 9
0 5 14
