0
0 7 7
1 8 8
0 6 6
1 6 8
0 5 7
1 6 10
0 7 5
1 4 8
0 7 8
1 7 6
0 6 9
1 8 7
0 6 5
1 8 6
0 8 5
1 5 5
0 6 4
1 6 3
0 8 4
1 9 3
0 9 5
1 10 5
0 7 9
1 8 9
0 8 10
1 7 2
0 8 3
1 7 4
0 9 7
1 8 1
0 5 4
1 10 6
0 9 6
1 9 8
0 10 7
1 10 9
0 11 10
1 11 8
0 7 11
1 7 10
0 6 12
1 5 13
0 12 7
1 10 8
0 12 8
1 5 12
0 6 11
1 8 2
0 12 6
1 12 5
0 5 1
1 7 1
0 10 4
1 9 2
0 6 2
1 7 3
0 7 0
1 9 1
0 10 1
1 11 4
0 10 3
1 10 2
0 11 2
1 9 9
0 13 7
1 11 7
0 12 9
1 12 10
0 4 9
1 11 5
0 11 6
1 6 13
0 5 9
1 3 9
0 9 4
1 12 1
0 5 10
1 5 8
0 7 12
1 3 8
0 8 13
