0
0 7 7
1 8 8
0 9 8
1 9 7
0 6 9
1 8 6
0 9 6
1 7 5
0 6 4
1 7 8
0 8 7
1 11 5
0 10 6
1 7 6
0 10 5
1 10 7
0 11 7
1 11 4
0 8 4
1 12 8
0 9 4
1 7 4
0 10 8
1 7 3
0 7 2
1 8 3
0 12 6
1 13 5
0 8 10
1 9 9
0 13 6
1 11 6
0 9 2
1 6 5
0 9 3
1 9 5
0 9 1
1 9 0
0 10 2
1 8 2
0 10 3
1 10 4
0 11 3
1 12 3
0 11 2
1 12 1
0 11 1
1 12 0
0 12 2
1 13 2
0 13 3
1 12 4
0 6 7
1 5 5
0 8 5
1 10 0
0 11 0
1 13 4
0 14 4
1 5 6
0 4 7
1 5 7
0 5 8
1 7 10
0 7 9
1 4 5
0 3 5
1 6 6
0 4 6
1 5 4
0 5 3
1 7 0
0 3 6
1 2 5
0 4 9
1 5 9
0 4 8
1 4 10
0 3 8
1 2 8
0 3 7
1 3 4
0 3 9
