1
0 7 7
1 6 8
0 7 9
1 6 6
0 6 7
1 8 7
0 7 8
1 7 6
0 7 10
1 7 11
0 5 6
1 8 9
0 6 5
1 8 10
0 8 8
1 6 12
0 9 9
1 8 12
0 4 7
1 3 8
0 5 7
1 3 7
0 5 8
1 8 11
0 8 13
1 5 5
0 9 7
1 6 10
0 5 9
1 5 10
0 6 11
1 3 6
0 3 9
1 9 13
0 10 14
1 5 13
0 4 14
1 3 4
0 3 5
1 9 12
0 7 12
1 4 6
0 2 8
1 3 10
0 4 10
1 1 7
0 4 9
1 6 9
0 4 11
1 4 8
0 2 9
1 1 9
0 9 10
1 9 8
0 11 11
1 10 10
0 7 4
1 8 3
0 10 6
1 11 5
0 4 12
1 4 13
0 2 7
1 2 6
0 2 11
1 2 10
0 3 11
1 5 11
0 1 11
1 0 11
0 2 12
1 1 13
0 3 13
1 0 10
0 5 12
1 1 6
0 0 6
1 1 8
0 1 5
1 1 10
