1
0 7 7
1 7 8
0 5 6
1 8 7
0 5 9
1 6 9
0 5 10
1 7 10
0 5 8
1 5 7
0 5 11
1 5 12
0 6 6
1 8 6
0 8 8
1 5 5
0 6 10
1 7 9
0 7 11
1 8 12
0 3 7
1 4 8
0 6 7
1 6 11
0 8 9
1 4 11
0 4 7
1 6 5
0 10 10
1 9 9
0 7 6
1 4 9
0 8 5
1 9 4
0 4 6
1 3 6
0 4 10
1 6 8
0 6 12
1 7 13
0 9 6
1 4 13
0 3 14
1 6 13
0 3 10
1 2 10
0 5 13
1 8 11
0 7 4
1 6 3
0 4 5
1 9 12
0 10 13
1 3 9
0 1 11
1 11 12
0 10 12
1 10 11
0 8 13
1 9 11
0 8 10
1 4 14
0 9 10
1 11 11
0 12 11
1 3 4
0 11 10
1 12 10
0 10 9
1 13 12
0 11 8
1 10 7
0 7 14
1 1 9
0 12 7
1 13 6
0 4 4
1 4 3
0 12 8
1 2 9
0 0 9
1 5 3
0 7 3
1 7 5
0 9 7
1 6 4
0 4 2
1 2 7
0 2 8
1 6 1
0 6 2
1 5 2
0 2 5
1 7 0
