0
0 7 7
1 8 6
0 7 5
1 8 5
0 8 4
1 6 6
0 5 6
1 7 6
0 5 5
1 9 6
0 10 6
1 7 4
0 6 3
1 10 7
0 11 8
1 6 7
0 5 8
1 5 7
0 9 5
1 7 3
0 11 7
1 12 8
0 11 10
1 11 9
0 5 4
1 10 10
0 9 11
1 9 4
0 10 3
1 13 7
0 14 6
1 8 3
0 7 2
1 4 5
0 8 1
1 9 0
0 9 2
1 11 4
0 8 8
1 6 8
0 6 9
1 8 9
0 7 9
1 11 5
0 7 10
1 8 11
0 4 7
1 3 6
0 7 11
1 7 8
0 7 12
1 7 13
0 10 2
1 8 2
0 6 10
1 9 7
0 5 2
1 5 3
0 9 13
1 8 12
0 5 11
1 4 12
0 9 3
1 11 1
0 10 5
1 10 4
0 9 10
1 9 12
0 5 10
1 8 10
0 8 13
1 6 11
0 4 10
1 3 10
0 4 8
1 4 9
0 5 9
1 3 7
0 5 12
