0
0 7 7
1 6 8
0 5 7
1 7 8
0 6 6
1 8 8
0 5 8
1 8 9
0 8 7
1 6 7
0 5 6
1 5 5
0 3 9
1 4 8
0 5 9
1 5 10
0 4 9
1 6 9
0 7 6
1 4 6
0 9 8
1 6 5
0 9 6
1 8 6
0 10 9
1 11 10
0 7 5
1 3 7
0 2 8
1 6 10
0 6 11
1 9 7
0 7 9
1 7 3
0 6 4
1 1 6
0 2 9
1 1 9
0 8 4
1 9 3
0 11 8
1 9 10
0 10 11
1 7 10
0 8 10
1 1 7
0 1 8
1 2 7
0 10 12
1 10 10
0 3 10
1 4 11
0 3 12
1 3 11
0 2 11
1 1 12
0 9 4
1 7 4
0 2 10
1 2 12
0 1 10
1 4 13
0 0 9
1 13 10
0 12 10
1 8 3
0 10 3
1 8 13
0 11 13
1 9 11
0 11 2
1 8 5
0 11 9
1 13 9
0 4 7
1 3 8
0 13 11
1 9 12
0 9 13
1 10 13
0 8 11
1 14 12
0 11 11
1 8 14
0 12 8
1 12 11
0 11 12
1 6 2
0 13 8
1 10 8
0 12 7
1 5 3
0 6 3
1 3 5
0 4 4
1 2 6
0 3 6
1 7 1
0 13 6
1 14 5
0 10 5
1 11 6
0 11 4
1 12 3
0 12 5
1 9 2
0 14 7
