1
0 7 7
1 8 8
0 9 7
1 7 8
0 6 8
1 7 6
0 8 6
1 9 5
0 8 10
1 8 7
0 7 9
1 5 7
0 5 9
1 4 10
0 6 9
1 8 9
0 6 7
1 6 10
0 10 8
1 11 9
0 9 9
1 11 7
0 9 8
1 9 10
0 9 11
1 10 12
0 6 12
1 7 11
0 6 6
1 6 5
0 7 5
1 6 4
0 7 10
1 5 4
0 4 3
1 8 4
0 10 6
1 10 4
0 9 4
1 7 4
0 4 4
1 5 5
0 5 6
1 11 8
0 11 6
1 11 10
0 11 11
1 10 11
0 11 12
1 8 13
0 9 12
1 10 13
0 10 10
1 9 13
0 7 13
1 8 12
0 10 14
1 11 13
0 12 13
1 3 7
0 7 3
1 4 6
0 2 8
1 9 6
0 12 9
1 10 5
0 11 4
1 8 11
0 10 9
1 10 7
0 8 5
1 4 5
0 12 12
1 13 13
0 12 11
1 12 10
0 6 1
1 6 3
0 3 6
1 7 2
0 8 1
1 5 2
0 4 7
1 5 8
0 7 1
1 5 1
0 5 3
1 6 2
0 8 2
1 4 2
0 3 2
1 3 5
0 2 5
1 2 4
0 1 3
1 3 3
0 1 5
1 6 0
