0
0 7 7
1 6 6
0 7 5
1 6 7
0 9 5
1 7 6
0 8 4
1 6 5
0 6 4
1 8 6
0 9 6
1 9 4
0 10 3
1 8 7
0 5 4
1 9 8
0 10 9
1 8 8
0 8 9
1 6 8
0 6 9
1 10 8
0 7 8
1 11 9
0 7 4
1 4 4
0 8 5
1 11 8
0 12 8
1 6 3
0 11 7
1 10 6
0 9 7
1 4 6
0 5 6
1 5 8
0 7 9
1 9 9
0 4 9
1 5 9
0 7 11
1 7 10
0 10 5
1 11 5
0 5 3
1 5 5
0 4 2
1 3 1
0 12 4
1 4 5
0 4 7
1 5 10
0 5 11
1 3 5
0 2 5
1 8 11
0 5 1
1 4 10
0 8 10
1 2 4
0 5 7
1 1 3
0 0 2
1 2 2
0 3 3
1 1 4
0 6 2
1 7 3
0 5 2
1 5 0
0 8 2
1 7 2
0 0 4
1 1 2
0 1 5
1 1 1
0 1 0
1 6 10
0 3 10
1 3 11
0 2 12
1 2 1
0 0 1
1 0 3
0 2 3
1 6 1
0 8 3
1 8 1
0 12 3
1 6 0
0 12 5
1 12 2
0 11 4
1 13 2
0 13 6
1 9 2
0 14 7
