0
0 7 7
1 8 6
0 9 6
1 9 7
0 6 5
1 8 8
0 7 8
1 7 9
0 6 10
1 7 5
0 10 8
1 8 7
0 8 5
1 7 4
0 6 4
1 6 6
0 7 3
1 8 10
0 8 9
1 5 7
0 8 4
1 9 11
0 6 8
1 10 12
0 11 13
1 4 8
0 3 9
1 9 10
0 10 6
1 9 5
0 8 2
1 9 1
0 8 3
1 8 1
0 6 3
1 9 3
0 5 3
1 4 3
0 10 7
1 10 9
0 11 10
1 6 1
0 7 1
1 11 8
0 12 7
1 8 11
0 7 12
1 9 12
0 9 13
1 10 13
0 7 10
1 11 6
0 10 11
1 11 5
0 11 7
1 5 2
0 3 4
1 11 12
0 12 12
1 4 2
0 13 7
1 14 7
0 4 6
1 5 5
0 10 4
1 10 5
0 8 12
1 7 11
0 6 11
1 9 8
0 9 9
1 6 9
0 3 1
1 9 2
0 9 4
1 13 5
0 12 5
1 6 2
0 3 2
1 3 3
0 4 4
1 2 4
0 1 5
1 5 1
0 6 0
1 10 3
0 4 9
1 5 10
0 12 4
1 11 4
0 7 0
1 12 6
0 5 12
1 4 13
0 9 0
1 8 0
0 6 12
1 4 12
0 4 10
1 5 11
0 2 11
1 11 3
0 11 2
1 10 14
0 6 13
1 6 14
0 3 10
1 5 8
0 5 9
1 3 11
0 4 11
1 2 9
0 7 14
