0
0 7 7
1 6 6
0 6 5
1 7 5
0 5 8
1 8 6
0 5 7
1 8 5
0 9 8
1 8 7
0 8 8
1 7 8
0 9 6
1 8 3
0 8 4
1 9 7
0 10 8
1 5 3
0 6 4
1 9 3
0 7 3
1 5 6
0 4 9
1 4 6
0 7 6
1 6 7
0 4 5
1 8 9
0 9 10
1 6 2
0 11 8
1 12 8
0 9 4
1 10 4
0 7 1
1 5 4
0 7 2
1 5 2
0 5 5
1 5 1
0 5 0
1 7 4
0 8 2
1 9 1
0 10 9
1 12 7
0 10 7
1 10 10
0 3 5
1 2 5
0 12 9
1 13 10
0 3 3
1 3 4
0 4 3
1 4 1
0 6 3
1 3 1
0 2 1
1 11 9
0 9 11
1 13 7
0 14 6
1 13 8
0 13 9
1 12 6
0 11 5
1 11 6
0 10 5
1 10 6
0 9 12
1 9 9
0 7 12
1 8 11
0 9 13
1 9 14
0 6 11
1 5 10
0 6 12
1 8 12
0 13 5
1 12 5
0 12 4
1 6 9
0 4 11
1 6 10
0 6 8
1 8 13
0 8 10
1 7 9
0 5 9
1 4 10
0 3 10
1 2 6
0 3 6
1 2 3
0 2 4
1 9 2
0 2 9
1 5 12
0 3 9
1 1 9
0 3 11
1 5 11
0 3 12
1 3 8
0 3 13
