1
0 7 7
1 6 8
0 7 9
1 6 10
0 8 7
1 6 7
0 6 9
1 7 8
0 8 9
1 5 9
0 4 8
1 8 6
0 9 9
1 10 9
0 10 7
1 9 6
0 11 6
1 9 8
0 8 8
1 6 6
0 7 6
1 6 4
0 6 5
1 10 10
0 8 10
1 8 11
0 11 7
1 9 7
0 7 5
1 10 8
0 12 5
1 11 9
0 12 10
1 10 11
0 10 12
1 9 11
0 11 11
1 9 13
0 8 12
1 4 4
0 13 9
1 14 8
0 11 4
1 11 5
0 12 8
1 10 6
0 13 4
1 14 3
0 12 4
1 10 4
0 12 6
1 12 7
0 13 6
1 10 3
0 12 3
1 12 2
0 9 5
1 8 5
0 7 4
1 7 3
0 13 5
1 13 3
0 4 9
1 4 7
0 13 8
1 13 7
0 4 3
1 5 4
0 11 2
1 10 1
0 10 2
1 11 3
0 4 10
1 8 3
0 9 3
1 13 1
0 14 0
1 11 1
0 12 1
1 8 2
0 8 4
1 9 1
0 5 5
1 10 0
