0
0 7 7
1 6 6
0 7 5
1 6 5
0 6 4
1 8 6
0 9 6
1 7 6
0 8 7
1 5 4
0 6 9
1 7 8
0 4 2
1 5 6
0 4 6
1 9 7
0 7 3
1 5 5
0 5 3
1 3 1
0 4 3
1 6 3
0 4 5
1 4 4
0 6 8
1 4 7
0 3 8
1 7 4
0 8 3
1 5 7
0 5 8
1 3 3
0 2 2
1 3 2
0 3 4
1 2 3
0 4 1
1 4 8
0 2 5
1 1 6
0 6 10
1 6 11
0 6 1
1 5 2
0 5 11
1 3 7
0 2 7
1 2 8
0 7 9
1 4 12
0 5 9
1 4 9
0 8 9
1 9 9
0 9 4
1 7 2
0 4 10
1 3 11
0 5 10
1 5 12
0 8 10
1 7 10
0 2 10
1 3 10
0 3 12
1 1 3
0 6 12
1 7 13
0 4 0
1 4 13
0 3 14
1 6 13
0 4 11
1 2 13
0 5 13
1 8 1
0 9 0
1 1 5
0 1 4
1 8 8
0 7 11
1 4 14
0 2 6
1 2 4
0 10 5
1 8 12
0 11 6
1 12 7
0 10 10
1 8 13
0 11 4
1 12 3
0 10 4
1 12 4
0 11 5
1 11 3
0 11 8
1 11 7
0 9 5
1 8 5
0 9 3
1 9 2
0 12 6
1 8 2
0 13 7
