1
0 7 7
1 6 6
0 6 5
1 7 5
0 5 7
1 4 7
0 5 4
1 5 8
0 7 6
1 4 3
0 3 6
1 4 8
0 3 5
1 3 8
0 2 8
1 2 9
0 1 10
1 6 8
0 7 8
1 6 3
0 5 5
1 5 3
0 7 3
1 3 3
0 2 3
1 4 10
0 4 9
1 6 4
0 4 2
1 2 6
0 8 7
1 9 8
0 1 9
1 9 7
0 8 6
1 9 10
0 9 9
1 3 7
0 5 9
1 6 9
0 1 7
1 1 8
0 8 8
1 8 9
0 7 10
1 7 9
0 8 4
1 8 5
0 9 5
1 6 2
0 10 10
1 11 11
0 10 4
1 11 3
0 2 5
1 4 5
0 10 6
1 11 7
0 9 6
1 11 6
0 10 5
1 11 4
0 11 5
1 10 3
0 12 5
1 13 5
0 12 6
1 9 3
0 12 3
1 12 4
0 10 2
1 3 10
0 4 11
1 6 10
0 6 7
1 6 1
0 6 0
1 5 2
0 13 7
1 14 8
0 11 9
1 12 8
0 10 8
1 10 7
0 1 4
1 10 11
0 1 5
1 4 1
0 7 4
1 7 1
0 5 1
1 4 4
0 4 6
1 8 0
