1
0 7 7
1 7 6
0 8 5
1 8 7
0 6 5
1 5 5
0 6 8
1 6 4
0 8 6
1 5 9
0 4 6
1 5 4
0 5 7
1 7 9
0 9 5
1 10 4
0 7 5
1 10 5
0 8 4
1 9 3
0 10 6
1 7 3
0 8 2
1 8 3
0 6 3
1 7 2
0 9 4
1 11 4
0 9 6
1 10 7
0 4 8
1 6 6
0 12 8
1 11 7
0 5 2
1 7 4
0 4 7
1 4 9
0 6 9
1 5 8
0 10 3
1 6 7
0 3 10
1 11 6
0 11 5
1 9 7
0 12 7
1 3 4
0 4 4
1 4 5
0 5 6
1 8 9
0 12 5
1 12 6
0 2 9
1 3 8
0 3 5
1 2 4
0 11 2
1 12 1
0 13 5
1 7 10
0 9 8
1 7 1
0 7 0
1 2 8
0 2 6
1 1 7
0 1 8
1 4 11
0 11 8
1 10 8
0 1 6
1 3 6
0 6 2
1 5 3
0 11 3
1 5 10
0 6 11
1 8 10
0 9 9
1 10 10
0 9 10
1 13 6
0 4 10
1 5 11
0 5 12
1 8 8
0 6 10
1 8 11
