1
0 7 7
1 6 8
0 7 9
1 7 6
0 9 9
1 6 6
0 5 6
1 8 7
0 5 4
1 6 9
0 6 7
1 5 8
0 7 8
1 8 9
0 5 5
1 5 3
0 4 5
1 3 4
0 7 10
1 7 11
0 9 10
1 8 10
0 8 8
1 9 8
0 10 9
1 4 3
0 10 10
1 11 11
0 6 3
1 3 6
0 2 5
1 3 5
0 3 3
1 3 8
0 3 7
1 2 8
0 4 8
1 2 6
0 4 4
1 4 6
0 9 7
1 6 10
0 10 7
1 10 8
0 5 7
1 4 7
0 11 5
1 10 6
0 7 2
1 8 1
0 2 2
1 1 1
0 6 4
1 6 11
0 6 12
1 9 6
0 8 6
1 9 13
0 8 12
1 7 12
0 5 10
1 7 0
0 7 4
1 8 4
0 6 1
1 6 2
0 9 5
1 12 10
0 10 12
1 0 6
0 1 6
1 5 1
0 9 11
1 11 9
0 7 13
1 6 14
0 5 11
1 4 10
0 10 4
1 11 3
0 12 7
1 11 8
0 11 10
1 13 7
0 7 3
1 8 2
0 8 3
1 9 4
0 9 2
1 6 5
0 10 3
1 9 3
0 10 13
1 10 11
0 10 2
1 10 1
0 12 5
1 13 5
0 5 13
1 5 12
0 6 13
1 4 13
0 12 8
1 12 6
0 13 6
1 11 4
0 12 2
1 7 1
0 10 5
1 8 5
0 11 1
1 1 7
0 3 9
1 13 11
0 14 12
1 4 12
0 4 11
1 12 11
0 14 11
1 12 12
0 12 13
1 8 13
0 14 10
1 14 13
0 13 2
1 11 2
0 14 9
1 14 8
0 2 10
1 1 11
0 11 13
1 11 7
0 14 4
1 1 3
0 11 6
1 13 8
0 13 3
1 10 0
0 13 4
1 14 3
0 2 4
1 1 2
0 1 4
1 8 0
0 12 0
1 9 0
0 6 0
1 11 0
