1
0 7 7
1 6 8
0 6 6
1 8 8
0 5 7
1 4 9
0 9 8
1 4 8
0 7 6
1 8 7
0 7 8
1 7 9
0 8 6
1 9 6
0 7 5
1 7 4
0 9 7
1 10 8
0 2 8
1 8 5
0 6 3
1 10 7
0 11 8
1 5 9
0 8 9
1 5 6
0 4 7
1 6 10
0 3 7
1 6 7
0 6 9
1 1 6
0 4 6
1 5 5
0 2 7
1 1 7
0 5 3
1 6 4
0 8 4
1 9 3
0 1 9
1 0 10
0 2 10
1 2 9
0 2 5
1 5 8
0 7 3
1 4 3
0 6 2
1 9 5
0 4 12
1 3 11
0 4 4
1 3 5
0 5 1
1 4 0
0 7 1
1 8 0
0 6 1
1 8 1
0 4 1
1 3 1
0 7 2
1 5 2
0 8 3
1 9 4
0 9 2
1 4 10
0 2 12
1 7 10
0 5 10
1 3 12
0 3 10
1 7 11
0 8 12
1 8 10
0 9 9
1 10 10
0 9 10
1 9 11
0 10 12
1 10 9
0 10 6
1 10 11
