0
0 7 7
1 8 8
0 7 9
1 8 9
0 8 10
1 6 8
0 6 7
1 7 8
0 5 8
1 8 7
0 8 6
1 9 6
0 10 5
1 9 8
0 10 8
1 7 6
0 10 9
1 10 7
0 7 10
1 9 7
0 9 9
1 7 11
0 4 10
1 6 10
0 6 9
1 8 11
0 4 7
1 3 6
0 11 7
1 12 6
0 3 7
1 5 7
0 4 9
1 4 8
0 3 10
1 2 11
0 6 11
1 5 9
0 8 12
1 11 6
0 12 5
1 4 13
0 3 8
1 5 10
0 11 5
1 9 5
0 9 4
1 3 9
0 2 10
1 1 10
0 3 12
1 6 6
0 7 5
1 13 6
0 10 6
1 12 9
0 11 8
1 11 10
0 13 5
1 14 5
0 6 5
1 5 6
0 4 6
1 5 5
0 5 13
1 10 11
0 13 8
1 9 11
0 11 11
1 9 12
0 8 13
1 5 4
0 5 3
1 9 10
0 11 12
1 6 3
0 4 5
1 7 4
0 8 5
1 6 14
0 13 9
1 12 8
0 12 10
1 10 12
0 13 11
1 13 10
0 4 4
1 4 3
0 2 6
1 3 5
0 4 2
1 6 4
0 12 12
1 9 13
0 9 14
1 1 11
0 11 13
1 1 9
0 1 8
1 1 12
0 1 13
1 14 3
0 13 13
1 10 10
0 11 9
1 14 12
0 4 11
1 2 9
0 10 13
1 14 10
0 6 2
1 14 13
0 14 11
1 4 12
0 13 3
1 14 2
0 14 4
1 5 2
0 2 7
1 6 1
0 3 4
1 4 1
0 3 0
1 7 1
0 5 1
1 3 3
0 7 3
1 4 0
0 0 14
1 8 1
0 1 6
1 0 5
0 1 7
1 0 7
0 1 4
1 1 5
0 2 12
1 3 11
0 2 4
1 0 4
0 0 6
1 2 5
0 10 4
1 7 2
0 9 0
1 1 3
0 10 2
1 10 3
0 11 3
1 12 4
0 11 1
1 2 3
0 0 3
1 3 1
0 2 2
1 9 1
0 10 1
1 11 14
0 12 2
1 10 0
0 11 2
1 11 4
0 9 2
1 8 2
0 13 2
