0
0 7 7
1 6 8
0 8 9
1 6 6
0 6 7
1 7 8
0 7 9
1 8 8
0 5 8
1 4 8
0 5 7
1 4 7
0 5 9
1 5 6
0 9 9
1 6 9
0 4 6
1 9 8
0 10 8
1 2 9
0 3 8
1 8 7
0 9 6
1 5 10
0 4 11
1 7 6
0 10 9
1 11 9
0 10 11
1 10 10
0 7 11
1 11 7
0 8 11
1 9 11
0 8 12
1 8 10
0 6 5
1 11 10
0 9 10
1 7 12
0 11 8
1 12 7
0 13 7
1 3 11
0 6 11
1 5 11
0 4 10
1 10 7
0 9 7
1 4 12
0 9 13
1 6 10
0 12 8
1 13 8
0 9 4
1 5 13
0 2 10
1 3 13
0 2 14
1 3 10
0 3 12
1 4 13
0 2 13
1 11 12
0 9 5
1 9 3
0 7 5
1 8 5
0 2 12
1 2 11
0 6 4
1 8 6
0 8 4
1 10 4
0 7 3
1 8 2
0 11 5
1 6 2
0 5 4
1 7 4
0 5 3
1 11 13
0 11 11
1 3 2
0 10 12
1 12 10
0 6 3
1 4 3
0 5 5
1 3 7
0 4 5
1 3 5
0 7 2
1 3 6
0 8 1
