1
0 7 7
1 7 6
0 8 5
1 8 7
0 6 5
1 9 7
0 10 7
1 9 6
0 6 6
1 5 5
0 6 4
1 6 3
0 6 8
1 6 7
0 7 8
1 4 9
0 5 8
1 8 8
0 3 8
1 4 8
0 4 7
1 5 6
0 7 9
1 7 10
0 3 6
1 2 5
0 8 10
1 5 7
0 9 5
1 8 6
0 10 5
1 7 5
0 12 5
1 11 5
0 10 6
1 10 8
0 11 9
1 3 9
0 9 11
1 10 12
0 12 8
1 10 10
0 13 9
1 11 7
0 13 4
1 11 6
0 11 4
1 10 4
0 12 6
1 12 7
0 13 6
1 10 3
0 13 7
1 13 8
0 2 10
1 10 11
0 10 9
1 12 9
0 11 10
1 9 10
0 11 12
1 11 11
0 9 9
1 8 9
0 13 12
1 12 11
0 1 4
1 9 13
0 13 3
1 13 5
0 12 3
1 10 13
0 10 14
1 9 12
0 8 11
1 8 13
0 12 13
1 7 13
0 6 13
1 11 13
