0
0 7 7
1 8 6
0 7 5
1 8 7
0 8 8
1 9 9
0 8 4
1 6 6
0 7 6
1 7 8
0 7 4
1 7 3
0 8 5
1 9 4
0 9 3
1 6 5
0 10 2
1 11 1
0 8 2
1 6 2
0 8 3
1 8 1
0 9 2
1 12 2
0 10 1
1 11 0
0 9 1
1 6 3
0 6 4
1 7 1
0 11 3
1 12 4
0 10 3
1 12 3
0 12 5
1 10 4
0 11 4
1 13 6
0 5 4
1 4 4
0 5 3
1 12 0
0 12 1
1 11 2
0 5 1
1 5 2
0 4 2
1 3 1
0 4 1
1 10 0
0 13 0
1 3 3
0 11 6
1 13 3
0 14 4
1 8 0
0 9 0
1 2 2
0 5 5
1 11 5
0 10 6
1 13 4
0 13 5
1 1 3
0 0 4
1 3 2
0 3 4
1 9 6
0 6 9
1 5 7
0 11 7
1 1 1
0 0 0
1 1 2
0 1 4
1 2 3
0 7 2
1 2 4
0 2 5
1 4 6
0 3 5
1 2 1
0 2 0
1 4 7
0 4 5
1 1 5
0 0 3
1 0 5
0 3 8
1 2 7
0 3 7
1 3 6
0 12 8
1 9 5
0 12 6
1 10 8
0 0 1
1 0 2
0 12 9
1 12 7
0 13 9
1 14 10
0 1 6
1 5 6
0 2 6
1 14 9
0 11 8
1 9 7
0 9 8
1 11 9
0 12 10
1 14 8
0 14 11
1 0 7
0 10 7
1 8 9
0 13 10
