0
0 7 7
1 8 8
0 9 7
1 10 8
0 9 8
1 8 7
0 8 9
1 10 7
0 9 9
1 9 10
0 10 9
1 7 9
0 11 10
1 10 5
0 12 9
1 11 9
0 10 11
1 13 8
0 11 6
1 9 6
0 7 8
1 8 5
0 7 4
1 8 4
0 8 6
1 10 6
0 10 4
1 9 5
0 7 5
1 7 6
0 11 7
1 9 4
0 10 3
1 11 5
0 12 5
1 6 7
0 5 8
1 11 4
0 12 3
1 6 2
0 7 3
1 9 3
0 9 2
1 8 3
0 12 11
1 13 12
0 10 13
1 7 2
0 6 1
1 12 8
0 10 10
1 10 12
0 11 12
1 13 10
0 9 12
1 8 13
0 5 3
1 6 4
0 7 10
1 8 11
0 6 11
1 5 12
0 12 2
1 12 4
0 10 2
1 13 2
0 4 3
1 13 11
0 13 9
1 13 3
0 14 2
1 13 13
0 13 14
1 13 4
0 13 1
1 12 10
0 14 12
1 13 5
0 13 6
1 8 10
0 11 13
1 6 8
0 9 11
1 4 5
0 11 3
1 14 0
0 7 12
1 8 12
0 8 14
1 4 6
0 5 7
1 6 6
0 6 5
1 9 14
0 8 1
1 10 1
0 5 4
1 5 2
0 4 2
1 6 9
0 6 10
1 11 8
0 14 8
1 4 1
0 3 3
1 6 3
0 4 9
1 5 6
0 3 6
1 4 7
0 4 10
1 5 10
0 11 2
1 8 2
0 2 4
1 5 1
0 2 1
1 3 2
0 2 3
1 1 3
0 2 2
1 2 0
0 2 5
