1
0 7 7
1 7 8
0 6 8
1 5 9
0 8 10
1 5 7
0 5 10
1 8 9
0 6 5
1 6 9
0 7 9
1 9 10
0 6 7
1 6 6
0 7 5
1 8 5
0 7 6
1 8 7
0 9 11
1 10 12
0 7 4
1 7 3
0 5 6
1 4 7
0 8 6
1 11 12
0 10 11
1 3 6
0 5 8
1 12 12
0 13 12
1 8 12
0 9 12
1 9 6
0 10 5
1 8 3
0 6 3
1 11 11
0 9 9
1 10 8
0 6 4
1 5 3
0 11 10
1 8 13
0 5 4
1 8 4
0 3 4
1 4 4
0 6 2
1 6 1
0 12 9
1 13 8
0 4 9
1 3 10
0 4 3
1 3 2
0 7 11
1 6 11
0 9 5
1 10 4
0 2 3
1 4 5
0 6 12
1 5 13
0 3 3
1 4 8
0 4 6
1 5 12
0 7 10
1 6 13
0 7 13
1 7 12
0 4 11
1 10 9
0 8 11
1 4 10
0 1 6
1 2 5
0 10 13
1 11 14
0 1 3
1 0 3
0 1 4
1 1 5
0 3 7
1 3 5
0 0 5
1 5 5
