1
0 7 7
1 6 6
0 7 5
1 6 7
0 6 8
1 8 6
0 9 7
1 7 6
0 9 6
1 4 5
0 5 6
1 6 5
0 9 8
1 9 5
0 8 7
1 7 8
0 10 7
1 11 7
0 8 5
1 7 4
0 11 8
1 12 9
0 10 8
1 13 8
0 6 3
1 10 6
0 8 4
1 12 8
0 13 9
1 11 10
0 10 11
1 12 10
0 12 11
1 12 7
0 12 6
1 11 6
0 10 5
1 10 10
0 9 10
1 9 9
0 10 4
1 11 11
0 12 12
1 11 12
0 11 13
1 13 10
0 14 10
1 12 4
0 14 8
1 11 9
0 13 7
1 11 5
0 14 7
1 14 9
0 13 11
1 10 14
0 8 9
1 13 3
0 14 2
1 11 3
0 11 4
1 12 3
0 10 3
1 9 11
0 8 12
1 9 2
0 6 4
1 10 2
0 9 1
1 12 2
0 11 2
1 12 1
0 12 0
1 12 5
