1
0 7 7
1 8 8
0 9 8
1 9 7
0 6 9
1 8 6
0 9 6
1 7 5
0 6 4
1 10 8
0 11 9
1 7 9
0 6 10
1 11 5
0 10 6
1 6 8
0 5 10
1 8 7
0 8 9
1 7 10
0 7 11
1 7 8
0 5 9
1 4 8
0 5 8
1 5 11
0 5 7
1 5 6
0 8 5
1 11 7
0 10 7
1 7 4
0 11 8
1 12 9
0 6 7
1 7 6
0 4 7
1 3 7
0 8 12
1 9 13
0 10 10
1 9 11
0 3 6
1 2 5
0 8 10
1 7 3
0 7 2
1 12 6
0 13 5
1 4 6
0 6 6
1 9 3
0 10 4
1 2 8
0 1 9
1 12 7
0 12 8
1 9 12
0 9 10
1 8 13
0 11 10
1 12 10
0 11 11
1 11 12
0 12 12
1 13 13
0 13 7
1 14 6
0 10 5
1 10 3
0 8 3
1 9 4
0 6 5
1 6 3
0 12 5
1 11 6
0 2 9
1 4 9
0 13 8
1 13 6
0 10 13
1 9 2
0 9 1
1 11 3
0 11 4
1 12 3
0 13 3
1 11 2
0 10 11
1 10 12
0 13 11
1 12 1
0 13 0
1 12 2
0 13 2
1 13 4
0 10 1
1 5 12
0 6 12
1 5 13
0 14 11
1 12 11
0 13 10
1 13 9
0 7 13
1 4 11
0 6 13
1 6 11
0 12 0
1 3 11
0 2 11
1 3 14
0 4 13
1 8 2
0 10 2
1 4 12
0 4 10
1 3 12
0 8 1
1 7 1
0 3 10
1 2 10
0 6 14
1 7 12
0 1 12
1 3 5
0 1 5
1 2 4
0 1 11
1 1 10
0 10 0
1 11 0
0 11 13
1 3 4
0 8 14
1 10 14
0 7 14
1 5 14
0 1 6
1 4 4
0 1 4
1 6 2
0 5 3
1 1 7
0 2 6
1 4 5
0 1 3
1 1 2
0 2 3
1 4 1
0 3 3
1 4 3
0 4 2
1 5 2
0 3 0
1 6 1
