1
0 7 7
1 6 6
0 8 6
1 6 8
0 7 5
1 6 7
0 6 5
1 5 4
0 9 5
1 8 5
0 6 9
1 5 8
0 7 6
1 7 4
0 10 6
1 7 8
0 8 8
1 9 7
0 9 6
1 11 6
0 4 5
1 8 9
0 9 10
1 10 7
0 9 8
1 4 4
0 8 4
1 11 7
0 12 7
1 10 9
0 7 3
1 6 2
0 10 4
1 11 3
0 9 9
1 5 6
0 9 11
1 9 12
0 10 10
1 11 11
0 8 10
1 11 10
0 6 10
1 7 10
0 7 11
1 6 12
0 8 12
1 11 9
0 11 8
1 5 9
0 5 7
1 5 3
0 7 1
1 9 13
0 7 13
1 6 14
0 12 8
1 10 8
0 12 10
1 12 9
0 13 8
1 5 2
0 5 5
1 3 5
0 2 6
1 8 2
0 7 2
1 3 4
0 6 4
1 2 4
0 1 4
1 5 1
0 5 0
1 3 3
0 3 6
1 4 2
0 1 5
1 6 0
