1
0 7 7
1 6 6
0 6 5
1 7 5
0 5 7
1 8 5
0 4 7
1 8 7
0 8 6
1 9 5
0 6 7
1 3 7
0 5 6
1 7 4
0 7 8
1 4 5
0 8 9
1 9 10
0 3 8
1 2 9
0 5 8
1 5 5
0 8 8
1 6 8
0 7 3
1 2 8
0 4 6
1 3 6
0 2 7
1 4 9
0 5 9
1 5 10
0 7 10
1 7 9
0 8 11
1 6 9
0 6 11
1 9 8
0 8 12
1 8 10
0 7 11
1 9 11
0 10 12
1 9 13
0 9 9
1 9 6
0 6 3
1 9 3
0 9 4
1 9 12
0 9 14
1 10 9
0 11 10
1 11 8
0 10 7
1 10 2
0 8 4
1 10 5
0 11 5
1 5 11
0 6 10
1 4 8
0 5 3
1 4 3
0 5 12
1 4 13
0 6 13
1 12 3
0 11 4
1 12 7
0 13 6
1 10 3
0 10 4
1 12 4
0 13 3
1 11 3
0 8 3
1 13 5
0 9 1
1 14 6
