1
0 7 7
1 6 6
0 5 7
1 5 6
0 4 6
1 3 5
0 7 9
1 6 5
0 4 7
1 6 7
0 6 4
1 4 5
0 7 8
1 7 6
0 5 5
1 7 3
0 6 8
1 8 10
0 8 6
1 5 9
0 7 10
1 7 11
0 5 8
1 4 8
0 8 11
1 6 9
0 6 10
1 8 8
0 2 8
1 3 7
0 3 4
1 6 12
0 5 13
1 4 14
0 5 3
1 9 7
0 5 4
1 7 4
0 5 2
1 5 1
0 4 2
1 7 5
0 7 2
1 6 2
0 9 5
1 10 4
0 2 5
1 6 1
0 1 6
1 4 3
0 3 6
1 1 4
0 8 4
1 2 6
0 1 5
1 8 3
0 9 2
1 10 8
0 9 9
1 9 3
0 10 3
1 7 1
0 8 1
1 11 5
0 8 2
1 11 4
0 12 4
1 11 6
0 11 3
1 10 2
0 2 4
1 4 4
0 3 1
1 2 0
0 6 3
1 9 0
0 4 1
1 11 7
0 11 8
1 12 6
0 13 7
1 1 7
0 0 8
1 13 5
0 14 4
1 10 7
0 12 5
1 10 6
0 10 5
1 13 6
0 9 6
1 14 6
