0
0 7 7
1 6 7
0 6 8
1 8 6
0 8 8
1 5 8
0 7 6
1 7 8
0 8 9
1 5 9
0 9 9
1 10 10
0 8 10
1 8 11
0 7 9
1 5 7
0 11 9
1 10 9
0 5 10
1 6 10
0 10 12
1 9 11
0 7 11
1 10 8
0 10 7
1 11 8
0 9 10
1 7 12
0 6 12
1 5 13
0 8 4
1 7 10
0 6 9
1 6 6
0 3 8
1 4 8
0 3 9
1 5 6
0 5 5
1 3 7
0 2 6
1 4 5
0 3 4
1 4 7
0 2 7
1 4 9
0 4 6
1 3 10
0 2 11
1 13 8
0 12 8
1 4 11
0 4 10
1 5 11
0 2 5
1 2 8
0 1 6
1 4 3
0 2 9
1 6 13
0 3 6
1 0 6
0 2 4
1 2 3
0 1 4
1 4 4
0 1 3
1 1 5
0 3 5
1 0 2
0 12 10
1 4 13
0 3 13
1 5 12
0 7 14
1 4 2
0 4 1
1 3 14
0 6 11
1 7 13
0 8 13
1 13 9
0 12 11
1 12 9
0 13 10
1 6 14
0 8 12
1 10 13
0 9 7
1 9 12
0 11 14
1 3 3
0 11 7
1 8 7
0 10 6
1 9 5
0 11 5
