1
0 7 7
1 7 6
0 6 6
1 5 5
0 8 4
1 5 7
0 5 4
1 8 5
0 6 5
1 6 4
0 7 3
1 10 3
0 9 4
1 10 5
0 11 5
1 10 4
0 10 6
1 9 5
0 9 7
1 8 8
0 10 7
1 8 7
0 11 6
1 9 6
0 11 4
1 11 3
0 12 2
1 7 8
0 6 9
1 10 2
0 10 1
1 8 9
0 8 6
1 8 10
0 8 11
1 6 8
0 5 8
1 9 12
0 7 9
1 13 3
0 12 3
1 13 4
0 13 5
1 10 10
0 9 10
1 7 10
0 11 8
1 11 7
0 12 7
1 10 9
0 9 8
1 8 12
0 10 8
1 11 9
0 12 8
1 13 8
0 12 9
1 12 10
0 9 11
1 9 9
0 12 1
1 12 4
0 9 1
1 11 1
0 13 10
1 14 11
0 12 6
1 12 5
0 13 2
1 11 11
0 12 12
1 10 12
0 13 9
1 7 12
0 6 12
1 11 12
