1
0 7 7
1 8 6
0 9 6
1 9 7
0 7 5
1 7 4
0 10 5
1 6 5
0 8 7
1 11 4
0 7 8
1 6 9
0 7 9
1 7 6
0 6 7
1 5 6
0 4 7
1 5 7
0 3 5
1 5 4
0 5 5
1 6 4
0 4 4
1 6 6
0 4 6
1 4 5
0 6 3
1 8 3
0 9 2
1 9 4
0 8 4
1 5 3
0 3 2
1 5 8
0 3 3
1 3 4
0 2 2
1 1 1
0 7 10
1 7 11
0 4 2
1 5 2
0 5 1
1 2 4
0 1 2
1 0 2
0 10 6
1 5 9
0 5 10
1 2 5
0 4 3
1 8 12
0 6 10
1 8 10
0 4 1
1 4 0
0 5 11
1 4 12
0 4 10
1 3 10
0 2 3
1 1 4
0 6 1
1 7 1
0 11 7
1 9 5
0 2 1
1 3 1
0 11 8
1 10 7
0 11 6
1 11 9
0 0 3
1 1 3
0 12 6
1 13 6
0 4 9
1 4 8
0 3 8
1 6 11
0 7 0
1 8 11
0 8 13
1 9 11
0 10 11
1 12 8
0 10 10
1 6 12
0 5 13
1 9 12
0 7 12
1 10 8
0 9 9
1 12 10
