1
0 7 7
1 6 8
0 8 8
1 6 6
0 7 9
1 9 7
0 6 7
1 8 7
0 7 8
1 7 10
0 9 9
1 8 9
0 9 8
1 5 8
0 10 10
1 11 11
0 10 8
1 11 8
0 11 7
1 12 6
0 4 7
1 5 7
0 12 8
1 5 6
0 5 5
1 4 8
0 3 9
1 4 6
0 7 6
1 7 5
0 8 4
1 10 6
0 11 9
1 13 7
0 9 11
1 8 12
0 8 5
1 2 6
0 3 6
1 5 9
0 5 10
1 7 11
0 6 10
1 13 6
0 11 6
1 3 5
0 2 4
1 13 9
0 13 8
1 12 10
0 10 12
1 2 8
0 3 8
1 5 3
0 4 4
1 6 4
0 8 6
1 3 7
0 1 5
1 2 7
0 2 9
1 10 4
0 11 5
1 10 5
0 10 3
1 9 4
0 1 9
1 4 2
0 3 1
1 4 9
0 8 3
1 8 2
0 11 3
1 11 4
0 12 3
1 9 3
0 13 3
1 14 3
0 10 9
1 10 11
0 1 10
1 0 11
0 9 10
1 9 12
0 7 12
1 8 11
0 6 9
1 8 13
0 8 10
1 11 13
0 11 10
1 10 13
0 11 14
1 9 13
0 7 13
1 12 13
