0
0 7 7
1 8 8
0 7 9
1 8 7
0 8 6
1 6 8
0 7 8
1 7 10
0 8 9
1 6 9
0 6 7
1 5 6
0 7 6
1 7 5
0 9 6
1 10 6
0 5 8
1 8 5
0 9 8
1 9 5
0 10 5
1 11 7
0 12 8
1 7 3
0 8 4
1 9 7
0 5 5
1 11 5
0 12 4
1 12 7
0 10 7
1 11 4
0 11 6
1 12 5
0 13 6
1 13 5
0 10 8
1 12 6
0 10 4
1 6 10
0 11 8
1 13 8
0 9 10
1 10 11
0 12 9
1 13 10
0 11 9
1 10 9
0 10 10
1 9 11
0 14 6
1 13 7
0 11 10
1 11 11
0 8 11
1 6 11
0 6 12
1 12 10
0 13 9
1 4 9
0 5 10
1 5 9
0 14 7
1 4 8
0 7 11
1 12 11
0 13 11
1 3 9
0 2 9
1 9 9
0 1 11
1 4 10
0 4 11
1 2 8
0 1 7
1 11 12
0 10 13
1 3 8
0 3 7
1 5 7
0 6 6
1 1 8
0 0 8
1 4 6
0 4 7
1 12 13
0 3 11
1 2 11
0 4 4
1 3 3
0 8 13
1 12 12
0 12 14
1 10 12
0 13 12
1 9 13
0 8 14
1 2 6
0 14 5
1 14 4
0 8 12
1 8 10
0 14 9
1 14 8
0 5 12
1 7 12
0 6 13
1 3 10
0 5 13
1 2 4
0 3 5
1 3 6
0 1 6
1 13 13
0 4 13
1 7 13
0 5 11
1 5 14
0 2 7
1 0 7
0 2 13
1 3 13
0 3 12
1 1 14
0 4 12
1 2 10
0 2 12
