0
0 7 7
1 6 8
0 5 7
1 8 8
0 7 8
1 7 9
0 6 7
1 9 7
0 10 6
1 4 7
0 9 10
1 8 9
0 8 10
1 7 10
0 6 9
1 8 7
0 7 6
1 9 5
0 5 8
1 8 5
0 8 6
1 11 6
0 10 7
1 5 6
0 6 5
1 4 10
0 10 5
1 10 4
0 10 9
1 10 8
0 11 8
1 12 7
0 7 12
1 8 11
0 9 6
1 6 6
0 12 9
1 13 10
0 11 9
1 13 9
0 11 10
1 11 11
0 12 10
1 10 10
0 12 11
1 12 12
0 9 9
1 13 12
0 13 11
1 13 8
0 7 4
1 7 5
0 9 12
1 9 11
0 6 11
1 4 9
0 4 8
1 8 13
0 6 12
1 8 12
0 5 9
1 6 10
0 5 11
1 5 10
0 3 10
1 7 11
0 10 11
1 11 13
0 9 13
1 11 12
0 4 11
1 13 7
0 13 6
1 11 5
0 12 6
1 7 13
0 6 14
1 11 3
0 11 4
1 13 13
0 14 14
1 12 13
0 12 5
1 10 3
0 5 12
1 2 9
0 3 11
1 2 11
0 3 12
1 4 12
0 3 9
1 3 8
0 3 13
