0
0 7 7
1 8 8
0 9 7
1 6 7
0 9 9
1 7 8
0 6 8
1 5 6
0 8 9
1 9 8
0 11 9
1 10 9
0 8 6
1 10 8
0 11 8
1 9 5
0 11 7
1 11 6
0 11 10
1 11 11
0 10 7
1 8 7
0 13 10
1 12 9
0 9 6
1 7 6
0 6 5
1 8 5
0 9 4
1 5 8
0 4 9
1 4 5
0 3 4
1 11 5
0 10 5
1 5 9
0 5 7
1 4 6
0 4 8
1 4 4
0 4 3
1 6 6
0 3 6
1 12 10
0 13 7
1 12 7
0 12 8
1 10 10
0 3 7
1 3 5
0 13 9
1 13 8
0 2 6
1 10 12
0 10 11
1 9 13
0 8 14
1 10 6
0 2 5
1 1 6
0 1 4
1 0 3
0 8 10
1 12 12
0 2 4
1 2 7
0 9 10
1 9 12
0 11 12
1 12 13
0 12 11
1 10 13
0 11 13
1 5 10
0 2 3
1 2 2
0 7 9
1 9 11
0 1 5
1 0 4
0 3 3
1 5 3
0 4 2
1 0 6
0 5 1
