1
0 7 7
1 6 6
0 8 6
1 6 8
0 6 5
1 4 8
0 8 7
1 9 7
0 8 8
1 8 5
0 7 6
1 5 4
0 9 8
1 10 9
0 8 10
1 8 9
0 10 8
1 11 8
0 9 9
1 7 11
0 11 11
1 10 10
0 11 7
1 12 6
0 7 8
1 7 5
0 5 7
1 6 10
0 5 9
1 3 6
0 5 6
1 5 8
0 4 7
1 6 7
0 6 9
1 3 8
0 2 8
1 5 10
0 2 7
1 13 6
0 12 7
1 9 6
0 10 7
1 13 7
0 1 7
1 3 7
0 3 5
1 3 9
0 3 10
1 2 6
0 7 4
1 8 3
0 11 6
1 13 9
0 13 8
1 10 5
0 11 5
1 1 6
0 7 10
1 7 9
0 13 4
1 12 5
0 11 4
1 11 3
0 4 6
1 9 3
0 12 3
1 10 3
0 7 3
1 1 5
0 0 4
1 3 4
0 12 4
1 10 4
0 10 2
1 2 4
0 4 4
1 4 3
0 2 5
1 11 9
0 12 8
1 14 9
0 12 9
1 9 5
0 9 4
1 3 3
0 4 2
1 1 3
0 5 3
1 2 3
0 0 3
1 1 2
0 1 4
1 12 2
0 13 1
1 5 2
0 4 5
1 5 5
0 13 3
1 13 2
0 12 11
1 12 10
0 10 11
1 11 10
0 13 10
1 13 11
0 6 1
1 14 2
0 0 6
1 0 5
0 11 2
1 10 1
0 2 11
1 9 11
0 8 12
1 8 11
0 7 1
1 6 2
0 7 2
1 7 0
0 2 10
1 2 9
0 1 12
1 6 11
0 5 11
1 7 12
0 4 9
1 9 10
