0
0 7 7
1 8 8
0 9 8
1 9 7
0 7 9
1 7 6
0 8 9
1 10 8
0 6 9
1 9 9
0 5 9
1 4 9
0 6 6
1 8 6
0 7 5
1 8 10
0 7 11
1 7 10
0 4 8
1 6 10
0 8 4
1 5 7
0 5 10
1 11 9
0 12 10
1 11 7
0 12 6
1 11 8
0 11 10
1 9 10
0 10 10
1 12 7
0 10 9
1 12 11
0 13 7
1 8 7
0 10 7
1 5 8
0 6 7
1 3 10
0 6 5
1 6 8
0 11 6
1 12 5
0 3 12
1 4 11
0 9 5
1 8 5
0 11 5
1 10 4
0 13 6
1 10 6
0 6 4
1 6 3
0 7 4
1 5 4
0 5 6
1 8 3
0 4 5
1 7 8
0 5 5
1 3 5
0 4 7
1 3 8
0 4 6
1 4 4
0 8 2
1 7 3
0 9 3
1 10 2
0 5 3
1 10 3
0 10 5
1 9 4
0 11 2
1 10 1
0 10 0
1 2 11
0 1 12
1 1 11
0 3 11
1 2 12
0 2 6
1 3 6
0 3 7
1 1 5
0 2 8
