0
0 7 7
1 6 6
0 5 8
1 8 6
0 7 6
1 6 7
0 5 7
1 6 8
0 6 5
1 5 6
0 8 7
1 9 8
0 7 8
1 7 9
0 6 9
1 9 6
0 5 10
1 4 11
0 5 11
1 5 9
0 7 10
1 4 7
0 7 5
1 7 4
0 8 11
1 9 12
0 5 4
1 4 3
0 8 10
1 6 10
0 8 12
1 8 13
0 3 7
1 8 5
0 6 3
1 10 7
0 11 8
1 11 10
0 10 11
1 12 7
0 4 5
1 3 6
0 8 8
1 8 9
0 11 11
1 9 11
0 9 9
1 10 10
0 5 5
1 3 5
0 1 6
1 11 7
0 13 7
1 12 6
0 11 6
1 9 5
0 12 8
1 9 4
0 9 7
1 2 9
0 4 6
1 6 4
0 1 9
1 2 8
0 7 2
1 8 1
0 13 8
1 2 11
0 2 10
1 1 8
0 3 10
1 3 8
0 1 10
1 4 10
0 4 8
1 9 2
0 9 3
1 10 3
0 12 5
1 11 4
0 7 0
1 10 4
0 8 4
1 11 2
0 12 1
1 12 2
0 11 3
1 13 2
0 10 2
1 11 1
0 1 11
1 3 9
0 1 13
1 1 12
0 13 5
1 13 6
0 12 4
1 9 1
0 14 6
