0
0 7 7
1 8 8
0 7 9
1 8 7
0 8 6
1 8 10
0 9 5
1 10 4
0 6 8
1 5 9
0 8 9
1 7 10
0 9 10
1 8 4
0 7 8
1 6 7
0 9 9
1 10 9
0 9 8
1 9 11
0 9 7
1 9 6
0 10 8
1 7 5
0 12 10
1 11 9
0 10 11
1 11 12
0 7 6
1 10 12
0 8 12
1 9 3
0 10 2
1 8 2
0 7 1
1 9 4
0 7 4
1 12 3
0 11 4
1 11 13
0 12 14
1 12 8
0 11 5
1 13 7
0 10 10
1 11 3
0 10 3
1 12 5
0 11 10
1 13 10
0 13 3
1 12 4
0 12 6
1 12 2
0 12 1
1 12 11
0 10 13
1 8 3
0 8 1
1 13 1
0 14 0
1 5 7
0 6 6
1 6 1
0 10 5
1 7 2
0 5 0
1 12 9
0 11 8
1 13 8
0 13 9
1 5 6
0 5 8
1 3 10
0 9 2
1 7 0
0 11 7
1 11 6
0 13 5
