0
0 7 7
1 6 6
0 6 5
1 7 5
0 5 7
1 8 5
0 5 4
1 8 7
0 8 6
1 10 5
0 11 6
1 9 6
0 11 4
1 7 4
0 10 7
1 7 3
0 7 2
1 6 9
0 7 8
1 6 3
0 5 2
1 11 5
0 9 5
1 10 4
0 9 3
1 6 8
0 5 3
1 5 1
0 5 6
1 5 5
0 8 9
1 6 7
0 6 10
1 9 8
0 10 3
1 9 2
0 11 3
1 12 3
0 6 1
1 4 3
0 6 2
1 4 2
0 3 3
1 4 4
0 4 5
1 7 6
0 5 8
1 8 2
0 6 4
1 4 1
0 4 0
1 8 3
0 5 10
1 5 9
0 8 10
1 7 10
0 8 11
1 8 12
0 4 10
1 10 1
0 11 0
1 8 1
0 8 4
1 9 1
0 11 1
1 11 2
0 13 4
1 4 9
0 3 9
1 10 2
0 12 2
1 12 5
0 5 11
1 6 12
0 2 10
1 3 10
0 4 12
1 3 13
0 7 11
1 6 11
0 5 13
1 3 11
0 2 8
1 1 7
0 2 9
1 2 11
0 1 11
1 4 8
0 4 7
1 3 8
0 13 3
1 3 12
0 3 14
1 1 10
0 4 13
1 13 5
0 14 5
1 14 4
0 4 14
1 4 11
0 7 9
1 8 8
0 5 14
1 5 12
0 2 14
1 1 14
0 6 14
