1
0 7 7
1 6 8
0 5 7
1 5 8
0 7 10
1 7 8
0 4 8
1 7 6
0 6 6
1 3 9
0 8 8
1 5 5
0 5 4
1 6 7
0 8 5
1 4 9
0 3 10
1 1 9
0 5 9
1 2 9
0 0 9
1 5 6
0 8 9
1 3 8
0 4 7
1 6 11
0 7 12
1 7 11
0 10 10
1 9 9
0 8 10
1 8 11
0 9 11
1 9 10
0 8 4
1 7 5
0 6 4
1 7 4
0 7 13
1 8 12
0 10 12
1 11 13
0 8 7
1 8 6
0 2 6
1 3 7
0 10 13
1 10 11
0 4 5
1 5 11
0 4 11
1 2 8
0 4 6
1 4 4
0 4 10
1 6 10
0 6 9
1 4 12
0 3 13
1 2 10
0 5 13
1 9 13
0 10 14
1 6 13
0 2 11
1 10 9
0 6 3
1 3 6
0 3 5
1 6 12
0 6 14
1 11 8
0 12 7
1 0 8
0 3 11
1 11 10
0 2 12
1 1 13
0 1 11
1 0 11
0 6 2
1 6 5
0 3 12
1 3 14
0 4 13
1 1 10
0 11 12
1 12 9
0 9 12
1 11 9
0 13 9
1 11 7
0 11 6
1 11 11
