0
0 7 7
1 6 8
0 7 9
1 6 6
0 7 8
1 7 6
0 5 7
1 5 6
0 8 6
1 8 9
0 7 10
1 7 11
0 6 9
1 8 7
0 8 11
1 9 12
0 4 7
1 5 8
0 6 7
1 3 7
0 7 5
1 6 5
0 5 4
1 6 4
0 4 6
1 4 8
0 6 10
1 2 6
0 1 5
1 3 8
0 2 8
1 5 10
0 5 11
1 4 12
0 9 7
1 8 8
0 10 8
1 11 9
0 9 5
1 3 9
0 3 6
1 3 11
0 3 10
1 5 13
0 2 10
1 12 9
0 10 9
1 2 7
0 6 11
1 11 7
0 9 8
1 9 6
0 11 8
1 9 10
0 6 12
1 6 13
0 10 4
1 11 3
0 10 10
1 10 11
0 11 10
1 4 9
0 1 6
1 11 12
0 12 13
1 4 10
0 4 11
1 9 11
0 9 13
1 2 9
0 1 9
1 6 3
0 6 2
1 4 13
0 7 13
1 2 12
0 5 9
1 3 13
0 2 13
1 3 12
0 1 12
1 3 5
0 8 4
1 7 3
0 1 7
1 1 8
0 1 4
1 1 3
0 2 5
1 0 3
0 12 11
1 13 12
0 12 12
1 1 13
0 0 14
1 12 7
0 10 6
1 10 7
0 12 10
1 12 14
0 11 11
1 13 13
0 10 12
1 8 14
0 13 9
