1
0 7 7
1 6 8
0 7 9
1 6 6
0 6 7
1 8 7
0 9 6
1 9 8
0 7 6
1 7 8
0 8 8
1 7 5
0 5 7
1 8 4
0 8 5
1 5 8
0 10 6
1 9 7
0 3 8
1 9 3
0 10 2
1 10 7
0 2 8
1 8 6
0 10 8
1 6 4
0 5 3
1 11 7
0 12 7
1 9 4
0 7 4
1 7 10
0 8 9
1 9 2
0 9 1
1 6 9
0 8 11
1 5 10
0 4 11
1 4 7
0 3 6
1 10 4
0 3 7
1 3 9
0 3 5
1 3 4
0 4 8
1 2 6
0 4 6
1 1 9
0 2 9
1 1 8
0 6 3
1 5 2
0 2 7
1 1 6
0 1 7
1 6 1
0 4 3
1 7 3
0 4 5
1 5 4
0 3 10
1 8 3
0 7 2
1 2 3
0 4 4
1 4 2
0 2 10
1 2 11
0 6 13
1 5 12
0 11 3
1 12 4
0 11 4
1 12 6
0 11 5
1 11 2
0 1 2
1 5 11
0 5 9
1 5 14
0 5 13
1 4 13
0 6 10
1 7 11
0 6 2
1 7 1
0 1 10
1 6 11
0 3 14
1 7 12
0 8 13
1 7 13
0 7 14
1 6 12
0 4 10
1 0 10
0 9 12
1 4 12
0 3 12
1 8 12
