1
0 7 7
1 6 8
0 6 9
1 7 9
0 5 7
1 8 9
0 4 7
1 6 7
0 5 8
1 7 10
0 8 7
1 9 8
0 10 7
1 6 11
0 5 12
1 7 12
0 7 11
1 5 10
0 4 9
1 9 10
0 10 11
1 8 10
0 6 10
1 8 11
0 8 12
1 11 8
0 10 9
1 5 9
0 10 10
1 10 8
0 8 8
1 9 9
0 9 11
1 12 8
0 13 8
1 7 13
0 3 6
1 2 5
0 9 13
1 10 14
0 10 12
1 10 13
0 4 8
1 4 10
0 4 5
1 4 6
0 11 11
1 12 10
0 9 7
1 11 7
0 12 6
1 11 9
0 11 6
1 10 6
0 13 9
1 6 13
0 5 14
1 4 13
0 5 13
1 3 11
0 2 12
1 13 11
0 14 12
1 9 12
0 11 14
1 8 13
0 9 14
1 7 8
0 5 6
1 12 11
0 12 9
1 5 11
0 6 12
1 2 11
0 4 11
1 5 5
0 3 8
1 2 9
0 1 8
1 2 8
0 5 4
1 2 7
0 2 6
1 2 10
