0
0 7 7
1 8 8
0 9 7
1 7 8
0 6 8
1 8 6
0 8 7
1 6 7
0 5 6
1 7 6
0 5 9
1 9 6
0 10 6
1 5 8
0 4 9
1 8 5
0 9 4
1 3 8
0 10 7
1 11 7
0 4 6
1 7 9
0 11 4
1 10 8
0 8 4
1 10 4
0 3 9
1 2 9
0 4 8
1 4 7
0 2 6
1 3 6
0 2 5
1 3 7
0 4 10
1 3 11
0 2 7
1 2 4
0 1 7
1 2 8
0 3 5
1 4 4
0 5 5
1 6 5
0 1 5
1 4 5
0 9 9
1 7 10
0 6 9
1 1 10
0 0 11
1 7 11
0 7 12
1 1 9
0 9 3
1 9 8
0 11 8
1 2 10
0 4 12
1 4 11
0 6 11
1 2 11
0 2 12
1 6 12
0 1 11
1 3 12
0 4 13
1 6 10
0 5 10
1 8 13
0 10 2
1 7 5
0 11 1
1 12 0
0 9 5
1 1 8
0 3 10
1 5 13
0 8 10
1 5 4
0 3 4
1 7 4
0 6 3
1 7 3
0 7 2
1 9 2
0 4 3
1 5 2
0 8 3
1 11 6
0 6 1
1 5 0
0 10 5
