0
0 7 7
1 8 6
0 9 6
1 9 7
0 6 5
1 8 8
0 7 5
1 7 9
0 6 10
1 7 3
0 7 6
1 7 4
0 8 7
1 9 8
0 8 10
1 7 8
0 10 8
1 10 6
0 11 5
1 5 8
0 6 8
1 8 4
0 9 5
1 10 5
0 10 4
1 12 6
0 7 10
1 9 10
0 9 9
1 7 11
0 4 10
1 5 10
0 5 9
1 3 11
0 6 7
1 6 6
0 6 11
1 6 9
0 4 7
1 5 7
0 4 13
1 5 12
0 5 5
1 8 5
0 3 9
1 5 4
0 6 4
1 3 12
0 4 11
1 4 12
0 6 12
1 7 13
0 4 5
1 3 5
0 3 13
1 8 3
0 8 2
1 2 14
0 1 11
1 11 6
0 9 4
1 9 3
0 10 3
1 13 6
0 14 6
1 6 3
0 5 3
1 4 1
0 5 2
1 12 5
0 13 4
1 2 8
0 10 9
1 8 9
0 10 7
1 11 2
0 4 8
1 4 9
0 12 4
1 11 4
0 2 10
1 0 12
0 2 12
1 4 14
0 10 11
1 10 10
0 2 13
1 5 13
0 4 6
1 4 4
0 6 14
1 6 13
0 2 9
1 2 11
0 3 7
1 2 6
0 3 8
1 5 6
0 0 13
1 1 13
0 3 10
1 3 6
0 1 10
1 0 10
0 0 11
