0
0 7 7
1 8 8
0 9 7
1 9 8
0 7 5
1 8 7
0 10 9
1 7 8
0 10 8
1 11 9
0 10 11
1 10 10
0 8 6
1 6 4
0 6 8
1 9 5
0 9 11
1 10 5
0 9 6
1 11 5
0 12 5
1 11 11
0 8 10
1 7 9
0 9 9
1 7 11
0 12 6
1 11 7
0 11 6
1 10 6
0 12 8
1 12 7
0 9 10
1 10 3
0 10 4
1 8 4
0 7 3
1 7 4
0 5 4
1 13 7
0 9 12
1 9 13
0 8 11
1 7 12
0 7 10
1 6 9
0 11 14
1 10 13
0 5 9
1 4 10
0 5 10
1 6 10
0 8 13
1 11 10
0 11 8
1 8 12
0 10 14
1 13 4
0 10 7
1 12 9
0 5 11
1 5 12
0 8 14
1 9 14
0 11 12
1 12 13
0 13 8
1 14 8
0 6 3
1 8 2
0 5 7
1 5 8
0 8 1
1 7 2
0 6 5
1 4 3
0 4 5
1 5 5
0 8 3
1 4 12
0 6 12
1 10 2
0 11 2
1 4 11
0 4 9
1 4 13
0 4 14
1 6 2
0 9 2
1 4 2
0 5 2
1 11 13
0 13 13
1 12 4
0 9 1
1 9 3
0 2 7
1 3 6
0 3 8
1 1 6
0 6 11
