1
0 7 7
1 6 6
0 5 7
1 7 6
0 9 5
1 6 7
0 8 5
1 6 5
0 6 8
1 8 6
0 9 6
1 6 3
0 6 4
1 4 6
0 5 6
1 4 4
0 10 5
1 11 5
0 9 8
1 9 7
0 7 8
1 8 8
0 11 4
1 8 7
0 10 6
1 10 7
0 11 7
1 12 8
0 7 3
1 8 4
0 7 9
1 4 3
0 5 4
1 5 5
0 4 5
1 10 8
0 11 9
1 3 3
0 2 2
1 5 3
0 2 3
1 3 5
0 2 6
1 3 4
0 3 2
1 6 2
0 7 1
1 3 7
0 3 6
1 4 1
0 5 2
1 2 7
0 2 4
1 2 5
0 11 8
1 11 10
0 2 1
1 2 0
0 7 2
1 7 4
0 4 2
1 1 2
0 9 4
1 11 6
0 9 2
1 9 3
0 6 1
1 8 3
0 8 1
1 10 3
0 10 1
1 9 1
0 12 3
1 13 2
0 8 10
1 9 11
0 7 11
1 7 10
0 13 4
1 11 2
0 12 4
1 10 4
0 12 6
1 12 5
0 6 12
1 5 13
0 10 2
1 12 9
0 13 5
1 10 11
0 13 8
1 9 12
0 8 13
1 1 6
0 0 7
1 12 11
0 11 11
1 12 10
0 12 7
1 12 12
