0
0 7 7
1 6 6
0 7 5
1 6 8
0 6 7
1 8 6
0 8 7
1 5 7
0 7 6
1 7 8
0 5 8
1 8 5
0 9 8
1 10 9
0 4 6
1 7 4
0 4 9
1 3 10
0 10 7
1 9 7
0 7 10
1 8 9
0 4 8
1 4 7
0 3 8
1 11 9
0 12 9
1 7 9
0 9 9
1 10 8
0 12 10
1 6 3
0 5 2
1 6 10
0 8 8
1 2 5
0 11 8
1 13 10
0 2 8
1 1 8
0 5 4
1 6 5
0 10 10
1 11 11
0 5 5
1 6 4
0 6 2
1 5 3
0 8 3
1 2 9
0 4 11
1 3 3
0 4 3
1 12 12
0 4 2
1 7 2
0 4 4
1 4 5
0 3 2
1 2 2
0 12 8
1 12 7
0 4 1
1 4 0
0 5 10
1 2 7
0 13 13
1 3 6
0 0 9
1 13 6
0 4 12
1 4 10
0 3 7
1 1 9
0 6 11
1 7 12
0 5 11
1 3 11
0 3 12
1 2 13
0 5 12
1 5 9
0 2 12
1 1 12
0 6 12
