0
0 7 7
1 6 8
0 8 8
1 6 6
0 7 8
1 7 9
0 8 7
1 5 6
0 4 6
1 8 10
0 9 11
1 8 6
0 7 6
1 9 7
0 6 9
1 9 6
0 5 10
1 4 11
0 7 5
1 7 4
0 6 5
1 9 8
0 9 9
1 5 4
0 6 7
1 8 5
0 6 3
1 11 6
0 10 7
1 9 4
0 9 5
1 10 4
0 8 4
1 10 6
0 12 6
1 10 5
0 8 3
1 12 7
0 13 8
1 6 11
0 5 8
1 4 7
0 7 3
1 9 3
0 6 2
1 5 1
0 6 4
1 6 1
0 8 2
1 5 5
0 5 3
1 4 3
0 10 10
1 11 11
0 8 1
1 8 0
0 6 12
1 5 11
0 3 11
1 10 3
0 10 2
1 9 2
0 9 1
1 10 0
0 3 10
1 4 9
0 4 10
1 2 10
0 8 12
1 7 13
0 7 10
1 6 10
0 9 12
1 8 11
0 7 11
1 7 12
0 9 10
1 9 13
0 11 9
1 12 8
0 10 9
1 13 9
0 12 10
1 8 9
0 7 0
1 8 13
0 6 13
1 4 1
0 3 1
1 4 2
0 4 4
1 3 5
0 10 11
1 10 8
0 11 10
1 12 9
0 13 10
