1
0 7 7
1 6 6
0 5 7
1 5 6
0 4 6
1 5 8
0 6 8
1 3 5
0 8 6
1 5 9
0 7 6
1 7 9
0 9 5
1 10 4
0 7 5
1 7 4
0 9 7
1 10 8
0 10 7
1 8 7
0 6 4
1 5 3
0 9 4
1 9 6
0 6 9
1 8 5
0 6 10
1 6 11
0 3 7
1 7 3
0 6 3
1 4 7
0 6 5
1 10 5
0 11 4
1 5 4
0 5 5
1 2 8
0 6 2
1 6 1
0 5 10
1 7 10
0 10 6
1 5 12
0 4 13
1 7 11
0 7 12
1 4 10
0 5 11
1 9 8
0 8 9
1 8 10
0 11 7
1 12 8
0 13 8
1 6 12
0 9 9
1 5 13
0 4 14
1 11 5
0 4 12
1 12 6
0 13 7
1 12 7
0 12 9
1 8 2
0 9 3
1 11 8
0 8 8
1 12 5
0 12 4
1 13 5
0 14 5
1 10 9
0 9 10
1 10 11
0 3 13
1 2 14
0 13 9
1 13 10
0 11 11
1 10 10
0 10 12
1 12 10
0 11 10
1 8 4
0 11 13
1 11 12
0 9 1
1 9 2
0 3 12
1 4 11
0 3 10
1 3 11
0 8 1
1 4 8
0 4 9
1 3 8
0 1 8
1 9 11
0 8 11
1 11 9
0 8 12
1 10 13
0 12 11
1 10 2
0 11 2
1 2 5
0 11 1
1 10 1
0 10 3
1 11 3
0 1 10
1 2 11
0 12 1
1 13 0
0 5 14
1 6 13
0 1 11
1 1 9
0 2 12
1 0 10
0 1 12
1 0 12
0 6 14
1 7 14
0 1 13
1 1 14
0 0 13
1 2 13
0 3 2
1 11 0
0 8 3
1 4 3
0 5 2
1 4 2
0 12 2
1 12 0
0 10 0
1 4 1
0 4 4
1 5 1
0 3 1
1 3 3
0 2 4
1 1 5
0 14 7
1 1 3
0 2 3
1 1 4
0 3 6
1 1 6
0 1 2
1 1 7
