1
0 7 7
1 8 6
0 9 7
1 9 6
0 10 6
1 8 8
0 7 8
1 8 7
0 8 9
1 8 4
0 8 5
1 7 6
0 9 10
1 6 7
0 9 8
1 6 6
0 5 6
1 6 5
0 6 4
1 5 7
0 7 5
1 4 3
0 5 4
1 8 11
0 7 10
1 6 11
0 10 10
1 8 10
0 6 8
1 7 4
0 10 7
1 11 6
0 10 9
1 10 8
0 7 11
1 7 9
0 12 8
1 11 7
0 10 11
1 11 12
0 10 13
1 10 12
0 9 11
1 9 9
0 12 6
1 11 9
0 11 8
1 12 7
0 10 5
1 8 12
0 9 12
1 11 11
0 8 13
1 11 10
0 11 13
1 9 13
0 13 9
1 11 5
0 11 3
1 6 10
0 12 10
1 6 13
0 6 12
1 10 3
0 5 3
1 9 2
0 5 2
1 5 5
0 11 4
1 10 1
0 8 3
1 10 2
0 10 4
1 8 2
0 12 2
1 7 2
0 6 2
1 11 2
