0
0 7 7
1 8 6
0 7 5
1 8 5
0 5 7
1 7 6
0 6 6
1 8 4
0 8 3
1 6 7
0 9 4
1 8 8
0 8 7
1 5 8
0 4 9
1 7 8
0 6 8
1 8 9
0 9 10
1 7 9
0 7 2
1 6 1
0 3 9
1 4 8
0 5 9
1 2 9
0 3 11
1 4 10
0 2 8
1 6 10
0 9 7
1 10 9
0 9 9
1 9 8
0 7 10
1 10 8
0 11 8
1 4 7
0 5 6
1 4 12
0 5 11
1 10 7
0 10 6
1 11 6
0 12 5
1 3 6
0 2 5
1 4 11
0 3 10
1 3 12
0 5 13
1 4 13
0 4 14
1 5 10
0 6 9
1 1 10
0 2 11
1 3 8
0 0 11
1 2 13
0 1 14
1 1 12
0 2 12
1 2 14
0 3 5
1 5 12
0 4 6
1 2 4
0 1 9
1 3 7
0 5 4
1 6 12
0 7 12
1 10 10
0 10 11
1 1 5
0 6 3
1 8 1
0 5 3
1 5 5
0 10 3
1 9 3
0 7 3
1 4 3
0 7 1
1 7 4
0 6 2
1 4 4
0 4 2
1 8 2
0 6 4
1 3 1
0 6 5
