0
0 7 7
1 8 8
0 9 7
1 10 7
0 7 5
1 10 8
0 7 6
1 7 4
0 8 6
1 10 9
0 10 6
1 9 6
0 8 5
1 9 5
0 7 8
1 7 9
0 9 4
1 6 7
0 8 3
1 8 4
0 10 3
1 11 2
0 6 4
1 5 3
0 11 6
1 10 5
0 9 3
1 7 3
0 6 5
1 6 2
0 5 1
1 8 9
0 9 9
1 7 1
0 4 4
1 8 11
0 8 10
1 11 8
0 12 7
1 7 2
0 7 0
1 12 9
0 13 10
1 9 8
0 12 8
1 7 10
0 6 11
1 10 11
0 10 10
1 12 11
0 11 10
1 12 10
0 11 11
1 6 9
0 9 12
1 12 12
0 12 13
1 4 7
0 5 8
1 11 4
0 12 3
1 11 3
0 11 1
1 5 9
0 4 9
1 5 7
0 9 11
1 11 9
0 5 4
1 4 3
0 4 5
1 5 5
0 3 4
1 2 4
0 9 13
1 9 10
0 7 12
1 5 10
0 11 13
1 10 13
0 10 12
1 12 14
0 8 12
1 6 12
0 11 12
