0
0 7 7
1 6 6
0 5 7
1 4 6
0 5 6
1 6 4
0 6 7
1 8 7
0 7 5
1 5 5
0 3 7
1 4 7
0 4 5
1 7 8
0 3 4
1 2 3
0 3 6
1 3 5
0 5 9
1 7 3
0 8 2
1 6 9
0 5 10
1 5 8
0 6 8
1 4 10
0 6 3
1 5 4
0 7 10
1 7 6
0 6 5
1 2 5
0 8 5
1 9 5
0 8 4
1 8 3
0 9 6
1 10 7
0 5 2
1 7 4
0 7 2
1 6 2
0 4 4
1 2 8
0 6 11
1 2 4
0 2 6
1 4 8
0 4 9
1 3 8
0 1 8
1 1 3
0 0 2
1 2 2
0 2 1
1 3 3
0 4 3
1 4 2
0 5 1
1 1 5
0 0 6
1 1 4
0 1 2
1 1 6
0 1 7
1 3 1
0 5 12
1 4 13
0 6 1
1 7 0
0 7 12
1 8 13
0 9 10
1 5 3
0 2 0
1 0 8
0 6 12
1 8 12
0 6 13
1 10 9
0 6 10
1 6 14
0 8 10
