0
0 7 7
1 8 8
0 9 8
1 9 7
0 6 9
1 8 6
0 9 6
1 7 5
0 6 4
1 7 8
0 7 6
1 10 6
0 11 5
1 10 8
0 11 9
1 10 7
0 10 5
1 8 7
0 8 5
1 5 6
0 8 9
1 10 9
0 10 10
1 9 5
0 11 7
1 5 7
0 11 10
1 11 8
0 9 10
1 8 10
0 7 9
1 5 9
0 5 8
1 9 4
0 9 11
1 8 12
0 8 11
1 9 12
0 4 7
1 7 10
0 13 10
1 12 10
0 3 6
1 2 5
0 12 8
1 13 7
0 7 11
1 10 11
0 4 9
1 6 7
0 4 8
1 4 10
0 6 11
1 5 11
0 6 12
1 6 10
0 5 10
1 3 8
0 9 3
1 4 5
0 3 4
1 10 12
0 11 12
1 11 11
0 13 9
1 8 14
0 9 13
1 3 11
0 2 12
1 6 6
0 8 13
1 7 12
0 10 13
1 11 13
0 12 11
1 9 14
0 14 9
