0
0 7 7
1 6 8
0 8 8
1 6 6
0 7 8
1 7 9
0 8 7
1 8 10
0 5 7
1 6 7
0 6 9
1 9 6
0 8 6
1 8 5
0 5 10
1 4 11
0 5 8
1 5 9
0 5 5
1 7 4
0 6 3
1 6 5
0 6 4
1 9 11
0 10 12
1 7 5
0 7 3
1 4 6
0 5 6
1 5 4
0 4 3
1 8 3
0 8 2
1 9 1
0 3 3
1 5 3
0 3 6
1 4 7
0 3 4
1 3 5
0 6 1
1 5 2
0 6 2
1 6 0
0 9 5
1 8 4
0 5 1
1 9 3
0 10 2
1 9 2
0 10 1
1 10 7
0 11 8
1 10 3
0 9 4
1 4 8
0 4 9
1 4 4
0 4 5
1 2 6
0 1 7
1 6 10
0 3 7
1 8 12
0 7 11
1 11 4
0 12 5
1 8 1
0 7 0
1 7 13
0 10 10
1 8 13
0 8 11
1 5 13
0 6 13
1 10 9
0 11 3
1 10 4
0 13 5
1 10 5
0 10 6
1 9 13
0 2 7
1 3 8
0 12 4
1 14 6
0 11 5
1 9 7
0 10 8
1 9 8
0 12 6
1 12 3
0 13 2
1 11 7
0 1 8
1 0 9
0 13 3
1 14 2
0 13 4
1 13 1
0 13 6
