0
0 7 7
1 8 6
0 6 6
1 8 8
0 8 5
1 9 7
0 6 9
1 10 6
0 7 9
1 7 5
0 6 4
1 9 6
0 11 6
1 8 7
0 8 9
1 9 9
0 9 8
1 10 7
0 10 8
1 11 5
0 12 4
1 10 4
0 10 5
1 9 3
0 8 2
1 9 4
0 9 5
1 12 7
0 11 7
1 8 4
0 11 8
1 12 6
0 13 7
1 12 8
0 12 9
1 6 3
0 11 10
1 11 9
0 7 3
1 9 1
0 7 10
1 7 8
0 9 12
1 13 8
0 10 13
1 8 11
0 4 6
1 5 5
0 9 2
1 10 2
0 11 1
1 3 5
0 6 5
1 5 6
0 6 11
1 5 12
0 5 9
1 4 9
0 6 10
1 6 8
0 10 11
1 8 13
0 10 12
1 10 10
0 8 12
1 7 12
0 9 13
1 7 11
0 11 12
1 12 12
0 11 11
1 12 10
0 12 11
1 13 10
0 13 11
1 9 11
0 14 11
