0
0 7 7
1 6 6
0 5 7
1 8 7
0 7 9
1 7 6
0 5 9
1 6 8
0 6 9
1 4 9
0 8 9
1 9 9
0 4 7
1 5 8
0 6 7
1 3 7
0 7 8
1 9 10
0 9 8
1 7 10
0 8 6
1 5 6
0 4 6
1 3 8
0 10 8
1 4 8
0 2 8
1 3 10
0 3 9
1 8 10
0 6 10
1 8 8
0 9 7
1 7 5
0 4 10
1 5 11
0 2 12
1 6 11
0 7 12
1 2 7
0 5 10
1 10 10
0 11 10
1 0 6
0 3 11
1 1 13
0 3 12
1 4 11
0 11 9
1 12 10
0 11 11
1 11 8
0 2 11
1 0 5
0 1 6
1 4 13
0 5 12
1 6 12
0 7 11
1 12 7
0 13 6
1 12 9
0 12 8
1 10 9
0 8 11
1 13 10
0 10 7
1 0 4
0 0 7
1 1 5
0 2 6
1 4 12
0 2 10
1 2 9
0 9 13
1 8 12
0 2 13
1 2 14
0 11 6
1 12 5
0 11 13
1 11 12
0 12 13
1 10 13
0 12 11
1 10 11
0 10 12
1 12 6
0 13 7
1 13 5
0 12 12
1 11 5
0 10 5
1 0 3
0 0 2
1 12 4
0 12 3
1 11 3
0 10 2
1 5 13
0 11 4
1 13 2
0 10 4
1 10 6
0 10 1
1 10 3
0 13 11
1 1 11
0 1 12
1 7 13
0 6 13
1 9 11
0 6 14
1 13 3
0 14 2
1 10 14
0 11 1
1 8 3
0 11 2
1 13 4
0 13 1
1 12 1
0 9 3
1 8 4
0 8 2
1 9 2
0 7 1
1 6 0
0 7 4
1 7 3
0 9 5
1 5 3
0 8 1
1 9 1
0 9 6
1 9 4
0 6 3
1 8 5
0 4 1
1 5 4
0 5 2
1 3 0
0 1 8
1 4 0
0 5 0
1 4 3
0 6 5
1 4 4
0 4 2
1 1 3
0 3 3
1 3 1
0 2 2
1 3 2
0 3 5
1 2 1
0 1 0
1 9 0
0 6 2
1 7 2
0 6 1
1 5 1
0 6 4
