0
0 7 7
1 8 8
0 7 9
1 8 7
0 8 6
1 6 8
0 6 9
1 7 8
0 9 8
1 8 9
0 9 10
1 9 9
0 5 9
1 4 9
0 5 8
1 7 10
0 5 10
1 5 7
0 10 8
1 11 9
0 10 9
1 4 11
0 10 10
1 10 11
0 8 11
1 11 8
0 11 10
1 12 10
0 10 6
1 10 7
0 6 13
1 7 12
0 9 6
1 11 6
0 6 6
1 7 6
0 12 11
1 13 12
0 4 10
1 11 7
0 11 5
1 12 7
0 9 7
1 13 7
0 14 7
1 9 4
0 10 5
1 6 10
0 10 4
1 9 5
0 14 8
1 10 3
0 8 5
1 5 12
0 6 4
1 7 5
0 14 6
1 14 9
0 9 3
1 8 2
0 12 4
1 13 3
0 14 5
1 14 4
0 6 3
1 6 5
0 5 11
1 6 12
0 8 12
1 4 12
0 3 12
1 4 13
0 6 11
1 13 11
0 7 4
1 5 2
0 12 3
1 5 4
0 4 3
1 5 3
0 5 5
1 5 1
0 5 0
1 11 2
0 9 11
1 7 11
0 12 5
1 13 5
0 12 2
1 12 1
0 12 6
