1
0 7 7
1 8 6
0 9 7
1 7 6
0 6 6
1 7 8
0 7 5
1 8 8
0 8 4
1 9 3
0 5 7
1 4 8
0 8 7
1 6 7
0 6 8
1 9 4
0 8 5
1 4 9
0 10 5
1 9 5
0 9 2
1 4 10
0 4 11
1 9 10
0 10 11
1 5 6
0 8 9
1 3 10
0 5 8
1 5 10
0 2 10
1 6 11
0 3 8
1 8 13
0 7 12
1 7 10
0 6 10
1 4 5
0 3 4
1 4 6
0 4 7
1 4 12
0 10 2
1 3 6
0 10 7
1 11 7
0 9 6
1 11 8
0 11 4
1 12 3
0 2 9
1 10 9
0 12 7
1 5 4
0 6 3
1 7 4
0 1 10
1 0 11
0 11 6
1 12 5
0 10 4
1 10 3
0 11 3
1 11 2
0 13 8
1 14 9
0 12 4
1 13 5
0 10 8
1 10 6
0 13 4
1 14 4
0 2 11
1 2 12
0 13 9
1 3 11
0 1 13
1 3 12
0 5 12
1 3 13
0 3 9
1 3 14
