0
0 7 7
1 7 6
0 6 6
1 5 5
0 6 7
1 8 7
0 6 5
1 6 8
0 4 7
1 3 8
0 5 8
1 3 6
0 6 4
1 6 3
0 5 7
1 3 7
0 3 9
1 7 5
0 4 8
1 2 10
0 4 10
1 4 9
0 2 5
1 3 4
0 3 5
1 3 10
0 2 8
1 1 7
0 2 11
1 4 5
0 5 4
1 7 4
0 5 12
1 7 3
0 7 2
1 5 11
0 2 7
1 2 6
0 8 3
1 8 6
0 8 5
1 1 6
0 4 6
1 1 5
0 1 4
1 2 3
0 1 2
1 1 9
0 1 8
1 2 4
0 4 2
1 2 2
0 5 2
1 8 2
0 6 1
1 9 4
0 3 2
1 6 2
0 5 9
1 5 10
0 6 11
1 2 1
0 2 0
1 5 1
0 8 4
1 4 12
0 5 13
1 3 13
0 6 10
1 3 11
0 0 8
1 3 14
0 3 12
1 5 0
0 7 11
1 8 12
0 6 12
1 6 13
0 8 10
1 4 14
0 9 9
