1
0 7 7
1 7 6
0 8 5
1 8 7
0 6 4
1 9 6
0 6 5
1 5 5
0 6 8
1 10 5
0 11 4
1 6 9
0 7 8
1 10 6
0 8 6
1 9 5
0 5 8
1 8 8
0 9 7
1 7 5
0 6 6
1 6 7
0 4 8
1 3 8
0 5 9
1 4 10
0 6 10
1 3 7
0 2 10
1 5 7
0 7 11
1 8 12
0 7 9
1 7 10
0 5 11
1 3 9
0 3 6
1 8 4
0 11 7
1 4 7
0 2 7
1 2 9
0 1 10
1 10 4
0 10 3
1 1 9
0 5 12
1 5 10
0 9 13
1 2 8
0 4 6
1 6 2
0 7 3
1 0 6
0 1 7
1 10 8
0 10 7
1 5 4
0 5 6
1 2 6
0 4 12
1 3 13
0 2 11
1 3 12
0 6 12
1 4 11
0 2 13
1 0 5
0 5 13
1 8 10
0 12 5
1 9 2
0 9 3
1 11 3
0 0 7
1 8 11
0 8 9
1 8 13
0 8 14
1 11 6
0 12 2
1 9 12
0 10 13
1 0 9
0 4 9
1 13 6
0 12 6
1 12 7
0 9 4
1 10 12
0 11 12
1 10 9
0 11 8
1 11 10
0 9 8
1 10 11
0 7 14
1 10 10
