1
0 7 7
1 6 8
0 6 6
1 8 8
0 5 8
1 8 10
0 5 7
1 8 7
0 8 9
1 7 8
0 5 6
1 5 5
0 5 9
1 5 10
0 6 9
1 7 9
0 6 10
1 4 8
0 3 6
1 4 7
0 7 6
1 4 6
0 4 9
1 6 7
0 9 6
1 8 6
0 3 9
1 2 9
0 3 7
1 3 8
0 9 8
1 9 11
0 10 12
1 4 5
0 4 4
1 6 5
0 7 5
1 3 5
0 2 5
1 7 10
0 7 3
1 7 4
0 8 4
1 9 3
0 10 6
1 9 5
0 10 7
1 7 11
0 7 12
1 1 10
0 0 11
1 8 11
0 10 11
1 11 12
0 11 6
1 12 5
0 10 10
1 10 13
0 12 6
1 13 6
0 10 8
1 10 9
0 11 7
1 13 5
0 11 5
1 11 4
0 10 3
1 11 8
0 12 7
1 13 7
0 13 8
1 10 5
0 13 3
1 12 4
0 2 6
1 11 3
0 10 2
1 10 4
0 12 2
1 13 4
0 9 4
1 14 4
