0
0 7 7
1 7 6
0 6 6
1 5 5
0 8 4
1 5 7
0 7 4
1 3 7
0 9 4
1 6 4
0 7 3
1 5 4
0 5 6
1 9 5
0 8 8
1 4 6
0 2 8
1 4 7
0 2 7
1 4 5
0 4 4
1 3 5
0 6 5
1 7 9
0 6 8
1 7 2
0 6 3
1 8 3
0 9 6
1 8 5
0 5 9
1 4 10
0 2 10
1 2 9
0 6 9
1 6 7
0 7 8
1 5 8
0 4 9
1 8 7
0 3 8
1 1 6
0 9 8
1 10 8
0 1 8
1 2 5
0 1 5
1 3 6
0 1 4
1 3 4
0 3 3
1 5 2
0 4 3
1 5 3
0 5 1
1 4 2
0 6 2
1 4 0
0 7 5
1 0 5
0 9 9
1 10 10
0 9 10
1 9 7
0 6 11
1 5 10
0 10 2
1 9 3
0 10 4
1 11 4
0 6 10
1 6 12
0 9 11
1 9 12
0 7 11
1 8 12
0 10 11
1 8 11
0 11 12
1 8 9
0 7 12
1 0 6
0 2 6
1 8 13
0 8 10
1 1 3
0 2 4
1 0 8
0 0 7
1 7 13
0 5 11
1 10 13
0 12 13
1 13 14
0 9 13
1 3 1
0 2 0
1 12 10
0 13 11
1 11 9
0 8 6
1 0 4
0 2 2
1 5 0
0 10 3
1 10 5
0 11 14
1 11 5
0 12 5
1 6 0
0 7 0
1 11 6
0 11 7
1 0 3
0 0 2
1 10 6
0 3 11
1 4 11
0 4 12
1 5 13
0 2 1
1 2 3
0 1 1
1 0 0
0 3 13
1 2 14
0 10 1
1 10 0
0 12 12
1 6 13
0 4 13
1 1 9
0 11 11
1 12 11
0 11 13
1 11 10
0 10 12
1 12 14
0 13 12
1 14 12
0 5 12
1 1 2
0 0 1
1 13 10
0 14 10
1 10 14
0 12 4
1 10 7
0 10 9
1 3 14
0 11 3
1 9 1
0 12 3
1 12 2
0 4 14
1 9 0
0 12 7
1 12 6
0 13 5
1 14 6
0 13 6
1 11 8
0 13 3
1 14 3
0 13 4
1 13 2
0 13 7
