1
0 7 7
1 8 6
0 9 8
1 6 6
0 6 7
1 5 7
0 9 7
1 10 9
0 9 6
1 9 9
0 8 7
1 10 7
0 7 8
1 6 9
0 8 9
1 5 6
0 10 5
1 11 4
0 5 4
1 7 6
0 4 6
1 10 8
0 10 10
1 5 8
0 5 9
1 8 11
0 7 10
1 9 10
0 7 12
1 12 7
0 11 8
1 11 7
0 12 6
1 7 11
0 8 10
1 4 8
0 3 9
1 8 4
0 7 5
1 9 5
0 12 8
1 13 7
0 14 7
1 6 11
0 9 11
1 10 4
0 9 4
1 11 3
0 12 2
1 6 12
0 6 10
1 7 9
0 4 10
1 5 10
0 3 10
1 3 11
0 5 11
1 2 8
0 3 8
1 11 2
0 11 1
1 2 7
0 11 9
1 8 12
0 2 9
1 7 3
0 10 6
1 1 9
0 4 11
1 1 8
0 12 1
1 1 10
0 1 11
1 9 2
0 6 13
1 5 12
0 11 5
1 12 4
0 7 2
1 8 3
0 10 3
1 7 4
0 6 5
1 4 5
0 13 6
1 11 6
0 9 1
1 10 1
0 11 0
1 13 4
0 14 4
1 12 3
0 9 0
1 14 5
