0
0 7 7
1 8 8
0 9 7
1 9 8
0 10 8
1 8 9
0 8 6
1 11 9
0 12 9
1 10 7
0 7 10
1 11 6
0 12 5
1 6 9
0 7 5
1 6 4
0 7 6
1 7 8
0 7 4
1 7 3
0 10 5
1 9 5
0 10 6
1 6 8
0 5 8
1 6 7
0 6 6
1 9 6
0 5 6
1 4 6
0 5 5
1 5 7
0 7 9
1 6 5
0 8 7
1 3 5
0 2 4
1 6 10
0 6 11
1 9 10
0 10 11
1 9 11
0 3 3
1 4 4
0 1 5
1 4 2
0 2 6
1 3 7
0 2 7
1 2 5
0 1 6
1 4 3
0 4 5
1 9 12
0 9 9
1 4 1
0 4 0
1 9 13
0 9 14
1 8 12
0 7 11
1 12 8
0 10 10
1 8 10
0 8 11
1 10 12
0 11 12
1 7 12
0 6 12
1 11 13
0 12 14
1 3 8
0 3 6
1 5 4
0 1 8
1 0 9
0 1 7
1 1 4
0 1 9
