1
0 7 7
1 6 7
0 5 6
1 7 6
0 5 8
1 5 5
0 6 8
1 4 9
0 8 8
1 7 8
0 9 9
1 10 10
0 9 7
1 5 9
0 7 9
1 6 10
0 4 6
1 8 10
0 9 10
1 9 8
0 8 7
1 4 8
0 7 11
1 2 6
0 3 7
1 3 9
0 2 9
1 2 7
0 8 9
1 11 9
0 9 11
1 5 7
0 2 10
1 3 8
0 6 11
1 10 11
0 1 6
1 10 13
0 10 12
1 7 5
0 6 6
1 8 5
0 6 5
1 9 4
0 10 3
1 10 9
0 9 12
1 9 13
0 5 11
1 8 11
0 7 12
1 8 12
0 8 13
1 10 7
0 10 8
1 7 4
0 9 6
1 2 4
0 2 5
1 10 4
0 11 4
1 7 3
0 7 2
1 5 10
0 4 10
1 8 4
0 6 4
1 6 2
0 10 6
1 11 5
0 5 1
1 10 5
0 9 5
1 8 2
0 12 6
1 11 6
0 12 7
1 8 3
0 8 1
1 8 6
