1
0 7 7
1 6 8
0 5 7
1 8 8
0 8 9
1 6 7
0 6 6
1 7 8
0 5 8
1 5 6
0 7 5
1 4 8
0 6 9
1 4 5
0 3 4
1 9 8
0 10 8
1 4 7
0 4 6
1 10 6
0 5 9
1 9 9
0 9 7
1 8 6
0 5 11
1 5 10
0 4 9
1 7 9
0 8 4
1 9 3
0 7 10
1 9 6
0 11 6
1 9 10
0 9 12
1 8 11
0 11 7
1 11 8
0 10 9
1 6 12
0 6 5
1 10 7
0 12 9
1 8 10
0 11 10
1 10 11
0 9 11
1 5 13
0 7 11
1 11 4
0 2 9
1 3 9
0 10 5
1 9 5
0 12 7
1 9 4
0 9 2
1 11 3
0 12 10
1 12 8
0 13 8
1 14 9
0 8 12
1 8 5
0 7 4
1 10 3
0 7 6
1 7 3
0 8 3
1 10 1
0 11 2
1 10 4
0 12 2
1 10 2
0 10 0
1 12 4
0 13 4
1 9 1
0 8 0
1 13 5
