1
0 7 7
1 8 6
0 7 5
1 8 7
0 8 8
1 6 6
0 9 6
1 7 6
0 9 8
1 5 6
0 4 6
1 9 9
0 7 9
1 6 8
0 9 7
1 6 10
0 6 7
1 10 8
0 10 6
1 11 5
0 9 5
1 9 4
0 11 7
1 12 8
0 11 6
1 8 5
0 8 4
1 7 3
0 10 3
1 12 5
0 12 7
1 13 7
0 8 1
1 13 5
0 10 5
1 10 4
0 12 6
1 13 6
0 13 8
1 14 9
0 11 9
1 13 4
0 13 3
1 11 4
0 12 4
1 11 2
0 11 10
1 11 8
0 12 9
1 10 11
0 12 3
1 11 3
0 11 1
1 7 1
0 7 2
1 10 9
0 10 10
1 6 4
0 8 2
1 12 0
0 12 2
1 10 0
0 10 2
1 9 3
0 9 10
1 12 10
0 7 10
1 8 10
0 7 12
1 7 11
0 6 12
1 9 2
0 8 9
1 10 7
0 5 12
1 6 11
0 9 12
1 8 12
0 5 9
1 9 11
0 8 11
1 6 9
0 5 14
1 6 13
0 10 13
1 11 14
0 3 12
1 4 12
0 5 11
1 5 10
0 4 10
1 7 13
0 3 9
1 2 8
0 8 3
1 8 0
0 11 0
1 5 13
0 4 13
1 9 13
0 8 13
1 10 14
