0
0 7 7
1 8 6
0 8 8
1 6 6
0 6 4
1 7 6
0 9 6
1 6 7
0 7 8
1 8 5
0 5 8
1 6 8
0 6 9
1 8 7
0 7 10
1 8 11
0 7 11
1 7 9
0 4 7
1 3 6
0 5 6
1 5 7
0 8 10
1 8 4
0 8 3
1 7 4
0 7 5
1 9 4
0 10 3
1 4 6
0 3 5
1 9 8
0 6 5
1 9 10
0 10 9
1 11 4
0 10 4
1 9 9
0 9 11
1 9 3
0 10 2
1 10 5
0 12 4
1 4 5
0 3 8
1 2 9
0 10 1
1 10 0
0 9 1
1 11 3
0 11 1
1 8 1
0 11 2
1 2 7
0 1 8
1 2 8
0 2 10
1 2 6
0 2 5
1 1 9
0 3 7
1 6 3
0 5 4
1 1 6
0 0 6
1 5 2
0 4 1
1 3 9
0 4 9
1 12 3
0 9 2
1 8 2
0 13 1
1 12 1
0 13 2
1 12 2
0 5 11
1 4 3
0 13 3
1 13 4
0 5 10
1 5 3
0 3 3
1 4 2
0 4 4
1 6 2
0 7 2
1 5 1
0 7 3
1 1 5
0 6 10
1 4 10
0 5 9
1 4 8
0 5 12
