0
0 7 7
1 6 6
0 5 7
1 5 6
0 4 6
1 5 8
0 3 9
1 6 8
0 4 9
1 4 5
0 7 8
1 6 9
0 6 7
1 4 7
0 7 10
1 7 9
0 2 9
1 1 9
0 3 8
1 1 8
0 3 6
1 3 7
0 9 7
1 8 7
0 8 9
1 6 11
0 10 6
1 6 10
0 6 12
1 7 6
0 9 10
1 10 11
0 5 11
1 4 10
0 1 6
1 2 7
0 2 6
1 0 6
0 11 5
1 12 4
0 9 8
1 9 9
0 11 6
1 10 7
0 9 6
1 12 6
0 1 7
1 12 5
0 12 7
1 12 3
0 12 2
1 3 5
0 13 8
1 10 5
0 9 4
1 9 5
0 12 8
1 11 8
0 5 5
1 11 4
0 8 10
1 13 4
0 10 10
1 11 10
0 8 12
1 8 11
0 11 9
1 9 11
0 7 11
1 13 2
0 14 1
1 9 2
0 10 3
1 12 11
0 11 11
1 5 9
0 5 13
1 4 14
0 5 12
1 10 12
0 7 12
1 4 12
0 9 12
