2
0 7 7
1 8 8
0 9 7
1 9 8
0 10 8
1 8 9
0 8 6
1 11 9
0 6 8
1 5 9
0 7 5
1 6 4
0 9 5
1 10 4
0 10 7
1 8 7
0 10 9
1 10 6
0 8 10
1 7 9
0 6 9
1 6 5
0 4 8
1 6 6
0 6 3
1 6 10
0 11 7
1 9 9
0 5 8
1 3 8
0 8 11
1 7 10
0 12 7
1 13 7
0 13 6
1 11 8
0 12 9
1 12 6
0 11 5
1 5 11
0 4 12
1 5 12
0 6 11
1 5 10
0 5 13
1 3 10
0 4 10
1 10 10
0 12 8
1 11 11
0 12 12
1 11 12
0 11 10
1 8 4
0 12 4
1 9 4
0 7 4
1 7 6
0 5 4
1 8 5
0 10 3
1 4 5
0 11 4
1 12 5
0 11 6
1 11 3
0 13 8
1 10 11
0 9 10
1 3 11
0 3 9
1 7 12
0 7 11
1 4 11
0 6 13
1 2 9
0 1 8
1 8 2
0 12 11
1 12 10
0 6 12
1 4 14
0 13 12
1 14 13
0 4 7
1 9 13
0 10 12
1 2 11
0 1 11
1 2 10
0 2 12
1 7 3
0 5 5
1 8 1
0 8 3
1 9 1
0 10 0
1 11 1
0 10 1
1 14 9
0 2 7
1 1 7
0 5 6
1 5 7
0 5 2
1 5 3
0 8 12
1 1 10
0 13 2
1 3 12
0 4 13
1 3 13
0 3 14
1 2 13
0 1 14
1 8 13
0 4 9
1 4 6
0 9 2
1 11 0
0 4 1
1 3 0
0 3 6
1 2 5
0 13 13
1 3 5
0 6 2
1 2 4
0 1 3
1 2 6
0 4 4
1 1 5
0 0 5
1 11 13
0 10 13
1 4 2
0 3 3
1 3 1
0 2 0
1 10 2
0 2 3
1 9 3
0 12 0
1 7 1
0 6 0
1 0 3
0 13 11
1 13 10
0 12 3
1 10 5
0 1 4
1 3 2
0 12 2
1 12 1
0 11 2
1 13 4
0 1 1
1 2 2
0 6 1
1 1 2
0 0 2
1 14 7
0 6 7
1 14 10
0 14 8
1 9 12
0 8 0
1 6 14
0 7 0
1 9 0
0 5 0
1 4 0
0 9 14
1 3 4
0 11 14
1 8 14
0 13 1
1 14 2
0 0 8
1 14 12
0 14 11
1 7 14
0 5 14
1 0 9
0 0 4
1 0 7
0 0 11
1 13 14
0 2 14
1 14 1
0 1 6
1 9 11
0 10 14
1 4 3
0 14 3
1 7 13
0 1 9
1 2 1
0 0 13
1 13 3
0 1 0
1 14 0
0 2 8
1 0 14
0 13 5
1 7 8
0 14 4
1 14 6
0 1 13
1 0 10
0 14 14
1 0 12
0 0 6
1 0 0
0 13 9
1 12 14
0 14 5
1 12 13
0 1 12
1 7 2
0 9 6
1 0 1
0 13 0
1 5 1
0 3 7
