0
0 7 7
1 8 8
0 6 8
1 8 6
0 7 6
1 7 5
0 8 5
1 9 7
0 10 8
1 9 5
0 9 4
1 10 3
0 6 7
1 5 8
0 5 7
1 4 7
0 7 9
1 4 6
0 4 8
1 6 4
0 5 3
1 3 7
0 7 3
1 2 8
0 5 5
1 1 9
0 0 10
1 6 9
0 3 6
1 7 10
0 8 11
1 8 7
0 9 6
1 6 3
0 5 6
1 5 4
0 8 10
1 9 11
0 8 12
1 8 13
0 7 11
1 11 7
0 6 12
1 9 9
0 5 9
1 6 10
0 9 12
1 7 12
0 5 13
1 4 14
0 4 10
1 3 11
0 6 11
1 5 11
0 2 10
1 3 9
0 10 6
1 10 7
0 12 7
1 3 10
0 3 8
1 6 2
0 6 5
1 4 4
0 7 4
1 4 5
0 4 3
1 9 8
0 9 10
1 7 2
0 8 1
1 3 13
0 3 12
1 9 3
0 11 6
1 13 8
0 8 3
1 9 2
0 10 5
