0
0 7 7
1 7 6
0 8 6
1 6 8
0 8 7
1 6 7
0 8 5
1 8 8
0 8 4
1 8 3
0 9 5
1 6 10
0 6 9
1 10 5
0 10 4
1 11 3
0 7 9
1 9 4
0 7 2
1 5 6
0 7 8
1 5 10
0 7 3
1 6 2
0 11 5
1 7 10
0 4 10
1 9 10
0 8 10
1 11 6
0 12 7
1 7 4
0 6 5
1 12 6
0 13 6
1 5 9
0 10 6
1 11 7
0 13 3
1 12 4
0 13 5
1 13 4
0 12 5
1 5 11
0 5 12
1 3 7
0 4 8
1 5 7
0 5 8
1 2 7
0 4 7
1 4 9
0 3 8
1 14 7
0 5 13
1 2 8
0 7 11
1 6 12
0 5 5
1 7 5
0 2 5
1 3 6
0 4 5
1 3 5
0 4 6
1 4 4
0 5 3
1 2 10
0 2 9
1 14 5
0 6 4
1 8 2
0 4 11
1 3 10
0 6 13
1 14 4
0 14 6
1 1 9
0 4 13
1 7 13
0 1 10
1 0 11
0 3 4
1 1 7
0 3 12
1 2 11
0 4 12
1 4 14
0 1 12
1 2 12
0 4 3
1 1 6
0 6 3
1 3 3
0 5 2
1 6 1
0 5 4
1 5 1
0 8 1
