1
0 7 7
1 6 8
0 8 8
1 6 6
0 7 6
1 7 5
0 8 7
1 6 4
0 8 6
1 8 9
0 7 9
1 9 7
0 7 8
1 7 10
0 8 4
1 8 5
0 6 5
1 9 8
0 10 7
1 9 6
0 9 5
1 7 3
0 10 4
1 11 3
0 5 4
1 4 3
0 9 9
1 6 3
0 5 3
1 9 1
0 8 2
1 6 11
0 5 12
1 5 2
0 7 4
1 6 1
0 3 4
1 6 2
0 6 0
1 4 2
0 3 2
1 4 5
0 4 4
1 10 2
0 12 4
1 11 4
0 1 4
1 2 4
0 8 3
1 9 2
0 8 1
1 8 0
0 9 3
1 7 1
0 11 2
1 1 5
0 3 3
1 3 1
0 5 10
1 4 1
0 5 1
1 3 5
0 2 5
1 5 7
0 4 6
1 4 7
0 5 9
1 5 11
0 10 5
1 10 6
0 11 6
1 9 4
0 12 6
1 11 5
0 12 5
1 12 3
0 10 8
1 11 7
0 10 10
1 11 11
0 2 2
1 1 1
0 12 8
1 12 7
0 14 3
1 13 4
0 9 11
1 13 7
0 10 11
1 10 9
0 3 7
1 13 6
0 11 8
1 13 5
0 13 3
1 13 8
