0
0 7 7
1 6 6
0 5 7
1 4 7
0 7 9
1 7 6
0 5 6
1 3 6
0 5 8
1 5 9
0 8 9
1 4 8
0 9 9
1 10 9
0 7 8
1 6 7
0 7 10
1 7 11
0 6 10
1 8 10
0 4 6
1 9 8
0 8 7
1 4 5
0 8 8
1 9 7
0 2 7
1 6 5
0 6 4
1 5 5
0 8 5
1 8 6
0 3 5
1 6 8
0 6 9
1 5 10
0 9 6
1 10 5
0 2 4
1 1 3
0 7 5
1 8 11
0 6 12
1 11 8
0 9 10
1 10 10
0 10 11
1 11 12
0 7 4
1 6 3
0 2 6
1 2 5
0 4 4
1 5 4
0 7 2
1 5 3
0 4 3
1 0 3
0 1 4
1 5 2
0 5 1
1 6 11
0 5 11
1 4 12
0 4 2
1 3 3
0 4 1
1 4 0
0 7 12
1 3 1
0 1 7
1 0 8
0 0 4
1 3 4
0 3 2
1 2 3
0 9 12
1 8 12
0 7 13
1 4 10
0 9 13
1 9 11
0 8 13
1 11 10
0 6 13
1 5 13
0 10 13
