0
0 7 7
1 6 6
0 5 7
1 7 6
0 8 6
1 9 6
0 9 5
1 6 8
0 6 7
1 8 7
0 9 8
1 7 8
0 10 5
1 5 8
0 4 8
1 8 5
0 10 4
1 11 3
0 10 7
1 10 6
0 11 6
1 12 5
0 9 4
1 8 3
0 12 7
1 13 8
0 11 7
1 13 7
0 4 7
1 3 7
0 11 9
1 11 8
0 7 10
1 8 9
0 4 6
1 4 5
0 4 9
1 4 10
0 10 8
1 12 10
0 9 9
1 8 10
0 11 4
1 8 4
0 13 5
1 12 6
0 3 9
1 9 3
0 10 3
1 13 9
0 13 10
1 8 1
0 8 2
1 8 8
0 8 11
1 10 2
0 7 5
1 9 7
0 12 4
1 13 4
0 7 9
1 11 1
0 12 0
1 11 11
0 10 12
1 9 1
0 12 1
1 10 1
0 7 1
1 9 2
0 7 4
1 11 2
0 12 3
1 12 2
0 13 2
1 14 1
0 2 10
1 1 11
0 7 2
1 7 3
0 6 9
1 5 9
0 9 12
1 10 13
0 1 9
1 3 11
0 2 12
1 2 11
0 4 11
1 13 3
0 9 10
1 9 11
0 7 12
1 12 12
0 8 12
1 6 12
0 11 12
