0
0 7 7
1 8 6
0 7 5
1 8 5
0 8 4
1 6 6
0 7 6
1 7 4
0 5 3
1 6 3
0 5 2
1 10 7
0 9 6
1 6 2
0 7 8
1 7 9
0 6 5
1 8 7
0 5 4
1 5 1
0 4 3
1 3 2
0 6 1
1 3 4
0 6 4
1 8 9
0 8 8
1 3 1
0 3 3
1 9 9
0 6 9
1 2 3
0 5 5
1 5 6
0 4 5
1 3 5
0 4 1
1 10 9
0 11 9
1 9 8
0 7 10
1 9 10
0 9 11
1 10 6
0 10 8
1 12 7
0 13 6
1 8 11
0 11 8
1 3 6
0 4 8
1 11 7
0 9 7
1 2 2
0 6 8
1 5 8
0 12 8
1 13 7
0 14 7
1 4 6
0 2 6
1 1 3
0 2 4
1 6 10
0 1 5
1 3 7
0 3 8
1 4 2
0 4 0
1 12 5
0 11 6
1 1 2
0 0 2
1 7 12
0 6 13
1 12 11
0 11 10
1 1 1
0 1 4
1 2 1
0 10 11
1 13 8
0 1 8
1 8 12
0 1 6
1 1 7
0 2 7
1 4 9
0 2 8
1 0 8
0 2 5
