1
0 7 7
1 8 6
0 7 5
1 8 7
0 8 8
1 8 4
0 9 9
1 6 6
0 7 6
1 7 8
0 10 10
1 11 11
0 8 5
1 10 12
0 6 5
1 9 5
0 11 8
1 9 6
0 10 5
1 9 4
0 9 7
1 11 7
0 12 8
1 10 6
0 7 3
1 7 4
0 6 4
1 5 5
0 9 8
1 10 8
0 13 7
1 11 9
0 9 10
1 9 11
0 8 11
1 10 9
0 11 10
1 12 10
0 13 9
1 4 4
0 8 10
1 7 10
0 13 6
1 13 8
0 12 6
1 13 11
0 14 12
1 12 11
0 10 11
1 12 12
0 12 13
1 11 12
0 9 12
1 8 13
0 8 12
1 8 9
0 9 13
1 10 13
0 13 10
1 10 4
0 11 4
1 11 3
0 12 2
1 5 10
0 6 9
1 6 11
0 7 12
1 5 12
0 4 13
1 3 3
0 2 2
1 6 13
0 4 10
1 4 11
0 3 10
1 5 11
0 5 13
1 3 11
0 2 11
1 7 11
