1
0 7 7
1 7 8
0 8 8
1 9 9
0 8 7
1 10 8
0 9 7
1 6 7
0 6 10
1 7 9
0 8 9
1 8 6
0 9 6
1 8 10
0 7 11
1 9 11
0 6 8
1 10 12
0 11 13
1 11 7
0 12 6
1 7 13
0 9 5
1 9 4
0 8 12
1 5 9
0 9 13
1 10 14
0 10 13
1 12 13
0 11 5
1 8 5
0 7 6
1 11 12
0 10 4
1 13 7
0 10 6
1 12 4
0 9 8
1 10 9
0 11 6
1 13 6
0 12 5
1 10 7
0 12 7
1 13 12
0 12 12
1 13 9
0 13 8
1 10 5
0 9 12
1 12 9
0 11 9
1 13 4
0 11 3
1 10 11
0 10 10
1 13 3
0 13 5
1 11 14
0 13 14
1 11 11
0 12 11
1 9 14
0 8 14
1 8 3
0 11 2
1 11 4
0 8 2
1 9 3
0 7 3
1 12 10
0 14 8
1 8 4
0 9 1
1 6 4
0 14 3
1 7 4
0 5 4
1 6 5
0 9 2
1 10 2
0 11 1
1 6 6
0 6 3
1 7 5
