0
0 7 7
1 8 8
0 9 8
1 9 7
0 6 9
1 8 6
0 9 5
1 10 6
0 7 9
1 7 6
0 11 6
1 8 9
0 8 7
1 10 8
0 7 5
1 10 5
0 10 7
1 6 6
0 9 6
1 5 6
0 4 6
1 7 11
0 8 5
1 11 8
0 8 10
1 6 8
0 7 8
1 5 10
0 12 5
1 13 4
0 7 4
1 6 3
0 5 5
1 6 5
0 6 4
1 7 3
0 5 4
1 4 4
0 9 4
1 8 4
0 9 2
1 9 3
0 10 3
1 11 4
0 12 4
1 5 3
0 8 3
1 3 5
0 2 6
1 4 3
0 3 3
1 11 9
0 12 10
1 4 2
0 4 1
1 6 2
0 7 1
1 5 1
0 4 0
1 5 2
0 3 2
1 6 1
0 3 4
1 12 3
0 1 4
1 2 3
0 2 8
1 3 7
0 2 5
1 2 7
0 3 8
1 13 2
0 14 1
1 8 2
0 7 2
1 4 7
0 5 7
1 13 3
0 13 5
1 11 10
0 11 11
1 1 7
0 0 7
1 6 10
0 10 1
1 11 0
0 10 2
1 11 3
0 3 0
1 3 1
0 11 2
1 12 1
0 6 0
1 8 0
0 5 0
1 2 0
0 7 0
