0
0 7 7
1 6 8
0 7 9
1 6 7
0 6 6
1 8 7
0 7 5
1 8 8
0 8 4
1 9 3
0 4 8
1 5 7
0 5 8
1 7 8
0 8 9
1 6 9
0 9 6
1 5 10
0 4 11
1 6 11
0 6 10
1 10 8
0 9 8
1 10 7
0 4 9
1 4 10
0 9 5
1 9 7
0 8 5
1 10 5
0 10 6
1 11 7
0 12 7
1 8 6
0 7 11
1 5 9
0 5 5
1 6 5
0 7 3
1 6 2
0 7 2
1 7 4
0 4 6
1 6 4
0 4 7
1 4 5
0 4 4
1 3 3
0 5 6
1 3 6
0 6 3
1 12 6
0 13 5
1 11 5
0 10 4
1 11 6
0 11 8
1 9 9
0 8 10
1 11 9
0 12 10
1 3 11
0 2 12
1 10 9
0 5 3
1 3 4
0 3 5
1 10 10
0 10 11
1 4 3
0 1 7
1 2 6
0 5 4
1 5 2
0 6 1
1 1 6
0 2 5
1 13 9
0 12 9
1 12 8
0 13 7
1 12 12
0 11 11
1 11 3
0 11 4
1 3 10
0 12 4
1 9 4
0 13 4
1 14 4
0 13 6
1 13 3
0 13 8
