0
0 7 7
1 8 8
0 6 6
1 6 8
0 4 7
1 5 7
0 4 6
1 5 8
0 7 8
1 7 6
0 5 6
1 4 5
0 6 7
1 6 5
0 8 9
1 9 10
0 8 7
1 5 5
0 7 5
1 5 4
0 9 6
1 10 5
0 3 6
1 2 6
0 10 7
1 9 7
0 11 8
1 12 9
0 3 7
1 3 5
0 2 5
1 1 7
0 4 4
1 3 2
0 4 3
1 1 6
0 7 10
1 9 8
0 1 8
1 9 11
0 9 9
1 7 9
0 8 10
1 11 5
0 10 6
1 5 11
0 6 10
1 5 10
0 5 9
1 7 11
0 10 11
1 12 5
0 13 5
1 6 11
0 8 11
1 4 11
0 3 11
1 4 9
0 3 8
1 11 6
0 8 13
1 8 12
0 9 12
1 10 13
0 2 9
1 1 10
0 2 8
1 10 10
0 7 13
1 2 10
0 4 10
1 12 8
0 11 9
1 12 7
0 12 6
1 11 7
0 13 8
1 12 10
0 12 11
1 11 4
0 11 3
1 8 5
0 9 5
1 8 3
0 9 4
1 11 10
0 13 10
1 3 12
0 2 13
1 4 13
0 2 11
1 7 12
0 10 4
1 8 6
0 1 9
1 0 10
0 3 9
1 3 10
0 2 12
1 1 13
0 1 4
1 0 3
0 12 2
1 13 1
0 9 2
1 9 3
0 10 2
1 12 4
0 11 2
1 8 2
0 13 2
