1
0 7 7
1 6 6
0 7 5
1 6 5
0 4 7
1 7 6
0 8 6
1 6 4
0 6 7
1 8 7
0 9 8
1 6 3
0 6 2
1 5 4
0 4 3
1 8 4
0 7 4
1 8 1
0 7 2
1 8 2
0 8 3
1 9 1
0 7 3
1 7 1
0 6 1
1 9 4
0 5 2
1 3 4
0 5 7
1 3 7
0 4 2
1 3 2
0 7 0
1 9 3
0 10 4
1 9 5
0 9 2
1 4 4
0 2 4
1 10 1
0 11 1
1 6 0
0 2 5
1 9 7
0 9 6
1 3 3
0 3 5
1 4 6
0 5 5
1 3 1
0 3 0
1 3 6
0 5 6
1 11 2
0 1 8
1 10 3
0 8 5
1 12 3
0 13 4
1 1 6
0 2 6
1 2 3
0 5 9
1 5 8
0 8 9
1 7 8
0 10 7
1 11 8
0 12 5
1 11 6
0 6 9
1 7 9
0 6 11
1 7 10
0 7 11
1 6 10
0 11 5
1 8 8
0 5 11
1 10 6
