1
0 7 7
1 7 8
0 6 8
1 5 10
0 6 9
1 5 9
0 6 10
1 6 7
0 5 11
1 5 6
0 8 9
1 4 5
0 3 4
1 5 8
0 5 7
1 7 9
0 4 10
1 4 9
0 7 6
1 6 11
0 3 8
1 3 9
0 3 5
1 3 10
0 2 11
1 2 9
0 1 9
1 5 12
0 6 13
1 1 8
0 4 11
1 7 12
0 8 13
1 7 10
0 7 11
1 4 13
0 3 14
1 3 6
0 2 7
1 8 12
0 6 12
1 7 13
0 8 10
1 9 9
0 4 6
1 2 4
0 8 8
1 8 7
0 3 7
1 2 8
0 1 7
1 4 7
0 4 14
1 5 13
0 2 14
1 1 14
0 2 6
1 4 4
0 6 14
1 5 14
0 2 5
1 1 5
0 4 3
1 5 2
0 3 13
1 4 12
0 4 2
1 6 3
0 3 11
1 1 11
0 1 6
1 0 7
0 6 6
1 7 4
0 9 6
1 4 1
0 3 0
1 8 5
