0
0 7 7
1 6 6
0 7 5
1 6 5
0 6 4
1 6 8
0 5 3
1 4 2
0 6 7
1 7 4
0 5 2
1 5 6
0 8 3
1 4 7
0 3 8
1 4 6
0 8 6
1 9 7
0 3 6
1 4 5
0 4 4
1 4 8
0 4 9
1 3 5
0 5 7
1 2 5
0 5 5
1 2 8
0 7 3
1 6 3
0 5 1
1 5 4
0 8 5
1 8 4
0 7 6
1 5 8
0 9 4
1 10 3
0 7 8
1 7 9
0 11 6
1 10 5
0 10 6
1 9 6
0 7 2
1 1 5
0 0 5
1 2 6
0 2 7
1 1 6
0 3 7
1 1 8
0 1 7
1 11 4
0 12 3
1 9 9
0 9 8
1 3 4
0 6 1
1 5 0
0 8 9
1 12 5
0 13 6
1 2 4
0 2 3
1 1 3
0 0 2
1 13 5
0 11 5
1 1 2
0 1 4
1 3 3
0 0 6
1 6 10
0 6 11
1 5 10
0 10 7
1 7 10
0 4 10
1 8 11
0 6 9
1 9 10
0 8 10
1 7 12
0 10 9
1 3 2
0 3 1
1 8 1
0 9 2
1 4 1
0 4 3
1 8 2
0 8 7
1 8 8
0 11 10
