0
0 7 7
1 8 6
0 7 5
1 7 4
0 5 5
1 8 5
0 6 6
1 4 4
0 8 4
1 5 7
0 6 3
1 9 3
0 5 3
1 5 8
0 5 2
1 5 4
0 9 5
1 7 3
0 6 4
1 6 5
0 7 6
1 8 3
0 5 6
1 10 3
0 11 3
1 10 1
0 9 2
1 10 4
0 10 2
1 7 1
0 8 2
1 7 2
0 7 0
1 6 1
0 9 4
1 9 1
0 8 1
1 4 6
0 4 2
1 3 1
0 11 2
1 12 2
0 11 5
1 11 4
0 8 8
1 9 9
0 3 2
1 2 2
0 7 9
1 7 8
0 10 6
1 9 7
0 11 7
1 12 8
0 6 8
1 9 8
0 9 10
1 1 3
0 0 4
1 10 7
0 11 8
1 2 4
0 3 5
1 4 7
0 4 5
1 7 10
0 11 6
1 11 9
0 8 11
1 12 7
0 12 9
1 12 10
0 10 8
1 8 9
0 6 11
1 1 2
0 1 4
1 4 1
0 5 1
1 13 7
0 10 10
1 2 7
0 3 7
1 1 1
0 10 9
1 7 12
0 10 11
1 10 12
0 11 11
1 9 11
0 2 5
1 1 5
0 12 6
1 13 6
0 13 5
1 14 4
0 3 4
1 3 6
0 6 9
1 6 10
0 12 4
1 14 6
0 13 8
1 11 10
0 12 5
1 10 5
0 4 3
1 1 6
0 13 3
1 14 2
0 2 3
1 3 3
0 6 7
