0
0 7 7
1 8 6
0 7 5
1 7 8
0 5 5
1 8 8
0 6 6
1 9 8
0 10 8
1 8 7
0 8 5
1 6 5
0 7 6
1 8 9
0 8 10
1 10 5
0 9 6
1 7 4
0 5 6
1 5 7
0 9 9
1 11 7
0 9 4
1 10 3
0 9 3
1 9 5
0 4 4
1 3 3
0 4 6
1 3 6
0 4 5
1 4 7
0 5 8
1 6 7
0 3 7
1 2 8
0 10 4
1 9 10
0 10 11
1 3 4
0 11 5
1 8 2
0 8 4
1 10 2
0 7 3
1 6 4
0 7 11
1 6 12
0 13 7
1 12 6
0 11 4
1 12 4
0 4 3
1 4 2
0 3 5
1 9 2
0 7 2
1 11 2
0 12 2
1 11 6
0 10 7
1 13 5
0 11 3
1 5 1
0 2 4
1 12 7
0 12 5
1 8 3
0 10 1
1 13 6
0 11 8
1 12 9
0 2 5
1 1 5
0 2 6
1 6 2
0 1 7
1 0 8
0 5 3
