0
0 7 7
1 8 6
0 9 7
1 9 6
0 7 6
1 8 5
0 8 7
1 6 7
0 6 5
1 9 8
0 7 4
1 7 5
0 5 6
1 4 7
0 5 4
1 4 3
0 5 5
1 5 3
0 4 4
1 6 4
0 4 2
1 6 6
0 8 3
1 9 2
0 10 7
1 11 7
0 5 7
1 5 8
0 3 3
1 7 10
0 6 9
1 2 4
0 4 9
1 10 6
0 2 2
1 1 1
0 7 9
1 5 9
0 3 2
1 5 2
0 3 4
1 3 5
0 1 2
1 0 2
0 6 8
1 8 10
0 3 1
1 3 0
0 1 3
1 11 6
0 12 6
1 2 3
0 11 8
1 4 0
0 9 3
1 12 8
0 13 9
1 2 0
0 5 0
1 9 5
0 8 4
1 11 5
0 10 5
1 11 4
0 11 3
1 10 3
0 8 1
1 1 0
0 0 0
1 13 6
0 12 5
1 6 10
0 5 10
1 8 2
0 12 4
1 12 3
0 4 11
1 7 8
0 9 1
1 10 2
0 7 2
1 9 4
0 6 3
1 4 5
0 9 0
