0
0 7 7
1 7 8
0 6 6
1 8 8
0 6 8
1 6 7
0 5 6
1 8 6
0 4 6
1 3 6
0 8 5
1 7 9
0 9 6
1 9 7
0 6 10
1 10 6
0 11 5
1 10 8
0 11 9
1 11 8
0 9 8
1 7 5
0 6 4
1 10 7
0 10 5
1 9 5
0 11 7
1 10 9
0 10 10
1 9 10
0 8 11
1 12 7
0 13 6
1 4 5
0 5 5
1 7 3
0 6 5
1 7 4
0 7 2
1 5 4
0 2 7
1 6 2
0 8 4
1 8 9
0 10 11
1 9 11
0 11 4
1 12 3
0 12 5
1 10 3
0 13 5
1 14 5
0 11 3
1 11 6
0 3 7
1 2 8
0 11 2
1 11 1
0 5 9
1 4 8
0 5 8
1 5 7
0 6 9
1 9 12
0 9 13
1 8 10
0 8 7
1 10 12
0 11 13
1 8 12
0 7 12
1 1 7
0 6 11
1 6 12
0 8 13
1 5 10
0 10 13
1 7 13
0 12 13
