1
0 7 7
1 8 6
0 9 6
1 9 7
0 7 5
1 8 8
0 7 9
1 7 8
0 8 5
1 9 8
0 6 8
1 10 8
0 11 8
1 12 9
0 5 7
1 8 10
0 10 7
1 7 4
0 4 6
1 3 5
0 5 5
1 6 5
0 6 9
1 6 7
0 5 6
1 5 4
0 8 7
1 6 6
0 6 4
1 3 7
0 4 9
1 5 9
0 7 11
1 3 6
0 3 8
1 6 10
0 8 2
1 7 3
0 4 8
1 4 7
0 5 8
1 2 8
0 2 7
1 5 10
0 7 10
1 11 9
0 12 10
1 3 3
0 3 4
1 4 3
0 3 2
1 6 3
0 5 3
1 7 2
0 4 5
1 8 1
0 9 0
1 13 9
0 10 9
1 8 11
0 1 2
1 2 3
0 4 2
1 3 1
0 5 2
1 2 2
0 1 3
1 8 9
0 8 12
1 9 10
0 10 11
1 2 5
0 2 4
1 1 4
0 0 3
1 1 1
0 7 12
1 7 13
0 9 12
1 10 12
0 1 6
1 0 5
0 8 13
1 6 12
0 0 1
1 9 11
0 9 9
1 5 11
0 4 10
1 7 14
0 10 1
1 7 1
0 7 0
1 5 1
0 6 1
1 2 1
0 4 1
1 11 13
0 12 14
1 6 2
0 9 5
1 5 12
0 5 13
1 4 11
0 8 0
1 6 0
0 0 4
1 3 10
0 6 13
1 1 8
0 2 9
1 3 11
0 2 11
1 3 12
0 3 13
1 2 13
0 1 14
1 0 2
0 4 0
1 1 9
0 0 0
1 1 10
0 1 11
1 2 10
0 4 12
1 12 8
0 11 0
1 10 0
0 2 12
1 8 3
0 11 4
1 10 5
0 9 4
1 10 4
0 10 3
1 12 1
0 9 2
1 9 3
0 13 6
1 12 5
0 13 4
1 11 2
0 12 7
1 14 5
0 1 7
1 11 5
0 13 5
1 13 7
0 10 10
1 12 6
