0
0 7 7
1 8 8
0 7 9
1 8 9
0 9 11
1 7 8
0 9 10
1 9 8
0 6 8
1 10 12
0 9 13
1 9 12
0 5 7
1 8 10
0 8 7
1 6 7
0 4 6
1 3 5
0 5 9
1 8 6
0 8 12
1 7 11
0 10 8
1 6 12
0 5 13
1 10 7
0 7 10
1 11 6
0 12 5
1 9 6
0 10 6
1 8 5
0 7 4
1 9 7
0 9 5
1 11 8
0 12 9
1 4 5
0 5 6
1 5 8
0 7 6
1 12 7
0 11 7
1 12 8
0 8 3
1 6 5
0 7 5
1 7 3
0 6 6
1 3 6
0 9 3
1 8 4
0 2 5
1 10 5
0 13 8
1 2 7
0 5 4
1 3 3
0 3 4
1 1 8
0 0 9
1 13 6
0 10 9
1 2 2
0 11 9
1 13 9
0 7 13
1 10 10
0 8 13
1 6 13
0 4 8
1 3 9
0 9 2
1 3 7
0 3 8
1 1 7
0 4 4
1 6 4
0 8 11
1 1 6
0 1 5
1 1 9
0 1 10
1 9 1
0 8 2
1 8 1
0 4 10
1 3 11
0 4 7
1 2 9
0 4 9
