2
0 7 7
1 8 6
0 9 7
1 7 6
0 9 4
1 9 6
0 6 6
1 10 6
0 11 6
1 10 5
0 8 8
1 9 9
0 5 5
1 4 4
0 9 8
1 10 7
0 10 4
1 8 5
0 11 8
1 10 8
0 10 9
1 11 5
0 9 5
1 11 10
0 9 10
1 8 11
0 6 3
1 8 10
0 7 11
1 8 12
0 8 13
1 11 7
0 12 6
1 8 7
0 7 8
1 11 4
0 12 3
1 5 9
0 6 5
1 6 4
0 8 9
1 6 7
0 5 8
1 6 8
0 4 5
1 3 5
0 12 5
1 12 4
0 5 4
1 3 6
0 12 7
1 13 6
0 5 7
1 5 6
0 8 3
1 13 3
0 14 2
1 5 3
0 2 6
1 7 2
0 7 10
1 7 9
0 5 12
1 6 11
0 12 8
1 12 9
0 7 5
1 4 8
0 8 4
1 9 3
0 13 8
1 13 4
0 13 5
1 10 11
0 6 2
1 9 11
0 10 12
1 11 11
0 12 11
1 7 13
0 10 10
1 3 7
0 3 8
1 11 12
0 11 13
1 3 3
0 3 4
1 5 1
0 12 12
1 4 2
0 2 4
1 3 1
0 2 0
1 4 3
0 4 1
1 5 2
0 14 9
1 2 3
0 1 3
1 6 9
0 6 10
1 4 9
0 3 9
1 4 10
0 4 11
1 4 7
0 4 6
1 2 2
0 3 10
1 6 13
0 1 8
1 2 9
0 1 4
1 1 2
0 3 2
1 2 11
0 3 12
1 3 11
0 2 12
1 6 12
0 1 12
1 4 12
0 12 13
1 12 10
0 2 13
1 5 10
0 10 13
1 9 13
0 13 13
1 14 13
0 6 14
1 1 1
0 0 0
1 2 10
0 1 9
1 2 7
0 2 8
1 1 7
0 0 7
1 14 10
0 11 9
1 1 11
0 8 14
1 10 1
0 5 13
1 11 1
0 7 14
1 5 14
0 10 14
1 9 14
0 14 1
1 11 2
0 11 3
1 13 0
0 13 7
1 14 6
0 14 4
1 14 3
0 9 0
1 12 2
0 4 0
1 13 2
0 13 1
1 10 2
0 9 2
1 8 1
0 9 1
1 12 1
0 10 0
1 0 1
0 3 0
1 1 0
0 11 0
1 8 0
0 3 13
1 12 14
0 1 13
1 4 13
0 0 5
1 0 4
0 13 12
1 13 14
0 13 9
1 6 0
0 0 9
1 0 8
0 1 5
1 1 6
0 0 11
1 7 3
0 0 10
1 14 11
0 13 11
1 13 10
0 9 12
1 0 12
0 7 1
1 3 14
0 10 3
1 1 14
0 14 14
1 14 7
0 7 12
1 7 0
0 5 0
1 14 8
0 4 14
1 0 13
0 0 3
1 2 14
0 0 14
1 1 10
0 14 5
1 14 0
0 5 11
1 14 12
0 2 1
1 2 5
0 12 0
1 6 1
0 8 2
1 11 14
0 7 4
1 0 2
0 0 6
