1
0 7 7
1 8 8
0 9 8
1 9 7
0 6 9
1 8 6
0 7 9
1 6 7
0 8 9
1 9 9
0 10 8
1 7 10
0 10 9
1 10 10
0 4 9
1 5 9
0 11 10
1 12 11
0 11 11
1 11 7
0 11 12
1 11 9
0 10 11
1 9 10
0 13 8
1 12 9
0 13 7
1 8 5
0 11 13
1 11 14
0 13 5
1 13 6
0 12 8
1 11 8
0 10 7
1 8 4
0 8 7
1 7 6
0 9 4
1 7 5
0 6 6
1 10 5
0 9 5
1 11 6
0 11 5
1 4 11
0 12 6
1 10 4
0 10 12
1 9 11
0 8 12
1 9 12
0 9 13
1 12 10
0 12 12
1 9 6
0 10 6
1 10 13
0 8 11
1 8 2
0 8 3
1 6 4
0 5 3
1 13 14
0 8 10
1 8 13
0 3 11
1 10 14
0 12 14
1 4 4
0 13 12
1 14 12
0 5 6
1 7 4
0 5 4
1 5 5
0 7 3
1 6 3
0 5 2
1 4 5
0 6 5
1 4 6
0 4 3
1 4 8
0 4 7
1 3 7
0 2 8
1 2 6
0 1 5
1 6 10
