1
0 7 7
1 6 8
0 5 7
1 8 7
0 7 9
1 7 8
0 5 8
1 6 9
0 5 10
1 5 9
0 6 7
1 3 9
0 4 9
1 7 6
0 3 8
1 2 7
0 2 11
1 3 10
0 4 7
1 3 7
0 4 8
1 4 10
0 5 6
1 6 5
0 5 4
1 5 5
0 2 8
1 1 8
0 4 5
1 4 6
0 3 4
1 2 3
0 3 11
1 6 4
0 7 3
1 6 3
0 6 2
1 9 6
0 10 5
1 8 5
0 7 4
1 8 6
0 8 8
1 11 6
0 10 6
1 9 5
0 7 5
1 9 7
0 9 8
1 8 4
0 8 3
1 9 4
0 9 3
1 10 3
0 11 2
1 10 4
0 7 2
1 7 1
0 2 9
1 1 10
0 11 3
1 2 10
0 0 10
1 11 4
0 12 4
1 9 2
0 12 5
1 1 11
0 1 9
1 8 1
0 7 0
1 11 7
0 12 2
1 12 3
0 9 9
1 10 10
0 5 2
1 4 2
0 6 11
1 7 12
0 5 11
1 4 11
0 3 2
1 11 8
0 11 5
1 10 7
0 12 7
1 12 9
