0
0 7 7
1 8 8
0 9 7
1 9 8
0 10 8
1 11 9
0 8 6
1 6 8
0 5 8
1 6 7
0 7 5
1 6 4
0 7 6
1 7 4
0 6 6
1 5 6
0 8 4
1 5 7
0 8 5
1 8 3
0 6 5
1 5 5
0 4 6
1 5 2
0 10 7
1 10 6
0 8 10
1 11 7
0 4 4
1 11 10
0 11 8
1 10 9
0 12 11
1 8 9
0 7 8
1 7 9
0 9 9
1 5 4
0 5 3
1 12 9
0 13 9
1 6 3
0 6 10
1 4 1
0 3 0
1 12 8
0 13 8
1 13 7
0 10 10
1 12 7
0 12 6
1 4 5
0 3 6
1 7 10
0 10 5
1 9 5
0 7 11
1 6 12
0 6 2
1 7 1
0 2 6
1 3 5
0 1 6
1 0 6
0 8 12
1 5 9
0 9 13
1 10 14
0 9 6
1 8 7
0 9 3
1 10 2
0 2 5
1 4 7
0 6 11
1 7 2
0 8 1
1 4 9
0 6 9
1 2 1
0 6 1
1 7 3
0 7 0
1 8 2
0 9 1
1 5 1
0 9 2
1 12 10
0 2 7
1 2 8
0 1 1
1 5 11
0 4 10
1 2 9
0 2 4
1 2 3
0 3 4
1 3 8
0 1 10
1 1 9
0 3 9
1 0 5
0 11 4
1 10 3
0 8 13
1 1 4
0 3 2
1 0 7
0 0 8
1 0 4
0 0 3
1 9 4
0 3 3
1 3 1
0 7 13
1 6 13
0 8 11
1 8 14
0 9 11
1 6 14
0 10 11
