0
0 7 7
1 8 6
0 9 7
1 9 6
0 7 6
1 8 5
0 8 7
1 10 7
0 7 4
1 7 5
0 6 5
1 5 4
0 11 8
1 9 8
0 6 7
1 5 7
0 6 6
1 6 4
0 5 5
1 4 4
0 5 6
1 4 7
0 8 8
1 9 9
0 7 9
1 10 6
0 7 8
1 7 10
0 11 6
1 8 9
0 6 11
1 5 8
0 6 9
1 6 8
0 3 5
1 4 5
0 4 6
1 3 6
0 2 7
1 10 5
0 10 4
1 10 8
0 10 9
1 4 10
0 6 10
1 5 11
0 6 12
1 6 13
0 9 10
1 8 11
0 9 2
1 8 3
0 13 6
1 12 7
0 11 5
1 11 7
0 12 6
1 9 3
0 6 3
1 8 4
0 8 2
1 12 8
0 9 5
1 13 7
0 14 7
1 10 2
0 11 1
1 8 10
0 7 11
1 12 0
0 8 12
1 5 9
0 5 10
1 4 11
0 4 9
1 3 8
0 7 12
1 8 13
0 9 12
1 5 12
0 10 12
