0
0 7 7
1 6 7
0 5 6
1 7 6
0 5 8
1 5 5
0 3 6
1 6 5
0 2 5
1 6 9
0 4 7
1 1 4
0 4 6
1 2 6
0 4 4
1 4 5
0 8 5
1 6 8
0 6 6
1 8 7
0 5 4
1 6 10
0 6 11
1 9 8
0 10 9
1 5 10
0 9 6
1 7 4
0 3 5
1 3 4
0 5 11
1 4 11
0 7 8
1 3 12
0 2 13
1 3 10
0 4 10
1 6 13
0 5 12
1 4 13
0 2 10
1 3 9
0 3 11
1 5 9
0 7 9
1 4 8
0 3 7
1 2 9
0 4 9
1 2 11
0 1 10
1 5 13
0 7 13
1 7 11
0 8 12
1 6 12
0 9 9
1 10 10
0 8 9
1 11 9
0 1 9
1 12 8
0 13 7
1 1 8
0 0 7
1 4 12
0 2 8
1 0 10
0 2 7
1 1 7
0 8 10
1 8 11
0 11 8
1 1 5
0 1 6
1 7 12
0 10 7
1 12 9
0 12 7
1 11 7
0 13 6
1 9 10
0 14 5
