0
0 7 7
1 8 6
0 9 7
1 7 6
0 6 6
1 8 8
0 9 8
1 8 7
0 8 5
1 9 6
0 10 5
1 9 5
0 8 9
1 11 8
0 6 4
1 11 6
0 10 6
1 11 9
0 11 7
1 10 4
0 6 5
1 6 3
0 6 8
1 6 7
0 5 5
1 4 5
0 7 3
1 4 6
0 5 3
1 4 4
0 4 7
1 5 6
0 3 4
1 4 2
0 4 3
1 11 3
0 12 2
1 5 2
0 7 2
1 3 2
0 2 2
1 12 4
0 7 1
1 7 4
0 9 1
1 8 2
0 7 10
1 6 11
0 5 8
1 6 9
0 6 1
1 8 1
0 3 8
1 4 8
0 9 10
1 4 1
0 3 0
1 8 3
0 9 9
1 9 11
0 8 10
1 10 10
0 12 6
1 10 8
0 12 8
1 13 4
0 11 4
1 8 12
0 7 13
1 1 4
0 2 3
1 5 1
0 10 11
1 11 12
0 5 10
1 6 10
0 9 13
1 2 4
0 3 3
1 1 3
0 3 5
1 1 6
0 1 5
1 3 6
0 2 6
1 10 12
0 9 12
1 8 13
0 7 11
1 7 12
0 12 7
1 12 9
0 7 9
1 7 8
0 6 12
1 5 13
0 13 9
1 14 10
0 5 11
1 4 10
0 5 9
1 5 7
0 5 12
