1
0 7 7
1 6 6
0 7 5
1 6 5
0 6 4
1 6 8
0 5 3
1 4 2
0 7 4
1 7 6
0 4 1
1 8 6
0 9 6
1 5 7
0 4 6
1 5 5
0 7 9
1 6 7
0 6 9
1 6 2
0 5 4
1 8 4
0 8 5
1 6 3
0 9 9
1 8 9
0 7 8
1 8 7
0 7 10
1 7 11
0 9 7
1 9 8
0 10 9
1 3 2
0 5 2
1 3 1
0 10 7
1 11 8
0 5 1
1 5 0
0 3 4
1 4 4
0 10 8
1 10 6
0 10 11
1 10 10
0 9 12
1 8 11
0 8 13
1 11 10
0 11 9
1 12 10
0 9 10
1 2 2
0 3 3
1 7 3
0 9 5
1 8 10
0 8 8
1 1 2
0 0 2
1 1 3
0 4 3
1 6 1
0 0 4
1 1 5
0 1 4
1 13 10
0 14 10
1 6 11
0 5 11
1 6 10
0 9 13
1 9 11
0 2 5
1 1 6
0 0 3
1 0 1
0 7 13
1 10 13
0 6 12
1 4 10
0 8 12
1 7 12
0 0 6
1 0 5
0 3 6
1 4 7
0 3 7
1 3 5
0 5 13
1 6 13
0 11 12
1 12 9
0 5 10
1 5 12
0 4 14
1 4 11
0 3 10
1 4 9
0 4 8
1 12 7
0 12 8
1 4 12
0 4 13
1 3 8
0 2 7
1 2 9
0 5 6
1 1 10
0 0 11
1 2 6
0 1 8
1 4 5
0 11 5
1 10 5
0 9 4
1 9 3
0 12 12
1 10 12
0 11 13
1 10 3
0 8 3
1 1 9
0 3 9
1 10 2
0 10 4
1 0 8
0 1 7
1 11 1
0 12 0
1 3 11
0 2 10
1 11 3
0 12 13
1 13 14
0 13 11
1 10 14
0 0 12
1 1 11
0 6 0
1 2 12
0 5 9
1 1 12
0 1 13
1 3 12
