0
0 7 7
1 8 6
0 9 7
1 7 6
0 6 6
1 8 8
0 9 8
1 8 7
0 8 5
1 9 6
0 8 9
1 10 5
0 7 8
1 10 6
0 11 6
1 10 7
0 10 4
1 9 10
0 5 6
1 10 9
0 10 8
1 11 8
0 12 7
1 12 9
0 13 10
1 4 5
0 13 8
1 8 11
0 7 12
1 13 9
0 11 9
1 12 10
0 12 11
1 11 11
0 10 12
1 11 4
0 12 3
1 11 12
0 6 5
1 11 13
0 4 7
1 7 4
0 12 8
1 11 10
0 11 14
1 6 4
0 10 10
1 13 7
0 7 5
1 5 5
0 8 4
1 5 7
0 7 3
1 9 11
0 3 8
1 2 9
0 6 2
1 5 1
0 9 12
1 10 11
0 7 11
1 12 13
0 13 14
1 13 13
0 10 13
1 6 7
0 3 5
1 9 5
0 7 10
1 7 9
0 4 8
1 8 10
0 6 8
1 5 8
0 4 9
1 4 10
0 6 11
1 5 10
0 5 12
