0
0 7 7
1 6 6
0 5 7
1 7 6
0 9 5
1 6 7
0 4 8
1 6 8
0 6 5
1 8 5
0 5 8
1 5 6
0 8 6
1 8 9
0 7 8
1 10 4
0 9 4
1 6 9
0 6 10
1 5 9
0 9 9
1 9 6
0 10 7
1 10 10
0 7 9
1 10 5
0 8 8
1 9 7
0 7 11
1 7 10
0 10 8
1 8 10
0 5 11
1 4 12
0 11 8
1 9 8
0 6 11
1 4 11
0 8 11
1 9 11
0 7 3
1 4 10
0 4 13
1 2 12
0 3 11
1 11 4
0 12 3
1 3 12
0 5 12
1 1 12
0 0 12
1 2 13
0 5 10
1 7 13
0 8 12
1 3 9
0 4 9
1 3 8
0 5 13
1 5 14
0 8 13
1 7 12
0 9 13
1 10 14
0 10 6
1 8 4
0 4 6
1 11 10
0 9 10
1 10 9
0 8 7
1 2 11
0 2 10
1 3 7
0 3 6
1 10 11
0 4 5
1 4 7
0 6 3
1 5 4
0 5 5
1 3 5
0 4 3
1 9 3
0 5 3
1 3 3
0 8 3
