1
0 7 7
1 8 8
0 7 9
1 7 6
0 5 9
1 8 7
0 4 9
1 6 9
0 8 6
1 9 5
0 6 8
1 4 10
0 8 10
1 5 7
0 5 10
1 9 8
0 10 9
1 9 6
0 9 7
1 6 5
0 5 4
1 8 5
0 7 5
1 6 4
0 6 3
1 11 8
0 10 8
1 11 9
0 10 7
1 10 10
0 10 5
1 10 6
0 12 8
1 9 4
0 10 3
1 5 8
0 6 7
1 3 8
0 4 7
1 4 5
0 12 6
1 11 7
0 11 10
1 9 2
0 9 3
1 8 3
0 7 4
1 8 2
0 8 4
1 10 2
0 7 2
1 12 2
0 11 2
1 7 3
0 9 1
1 5 5
0 4 6
1 3 5
0 2 5
1 11 5
0 11 6
1 3 6
0 3 7
1 12 5
0 8 1
1 9 0
0 11 3
1 11 1
0 2 6
1 6 10
0 2 7
1 2 8
0 4 8
1 1 5
0 1 9
1 13 3
0 1 7
1 0 7
0 13 4
1 12 4
0 14 2
1 12 1
0 12 3
1 14 5
0 12 11
1 10 1
0 5 11
1 9 11
0 10 0
1 14 1
0 13 1
1 8 11
0 1 8
1 1 10
0 13 12
1 14 13
0 5 12
1 5 13
0 12 9
1 12 10
0 2 9
1 3 9
0 12 12
1 8 12
0 7 13
1 9 12
0 7 10
1 10 12
0 7 12
1 7 11
0 10 11
1 9 13
0 10 14
1 11 11
0 8 14
1 13 9
