0
0 7 7
1 6 7
0 5 6
1 7 6
0 4 8
1 6 5
0 7 4
1 8 5
0 5 8
1 8 7
0 9 8
1 8 8
0 8 6
1 6 8
0 6 6
1 5 7
0 4 6
1 7 5
0 9 5
1 9 4
0 10 3
1 4 5
0 5 5
1 3 8
0 4 4
1 3 3
0 6 4
1 5 4
0 4 3
1 3 7
0 2 7
1 3 6
0 3 5
1 3 9
0 3 10
1 2 9
0 4 10
1 4 9
0 5 9
1 0 9
0 1 9
1 5 10
0 6 2
1 7 1
0 7 3
1 8 2
0 10 6
1 8 4
0 11 5
1 6 11
0 7 12
1 6 3
0 7 2
1 6 9
0 6 10
1 10 5
0 9 6
1 4 11
0 7 8
1 7 11
0 8 11
1 3 12
0 2 13
1 8 3
0 8 1
1 11 6
0 12 7
1 3 11
0 5 11
1 9 7
0 9 2
1 11 4
0 2 6
1 5 3
0 4 13
1 6 13
0 3 13
1 4 12
0 1 13
1 0 13
0 5 13
