0
0 7 7
1 6 8
0 5 7
1 5 8
0 4 8
1 8 8
0 7 5
1 6 6
0 6 7
1 8 7
0 4 7
1 3 7
0 4 6
1 4 5
0 4 10
1 4 9
0 7 8
1 7 6
0 8 6
1 10 9
0 9 8
1 8 9
0 10 8
1 9 7
0 7 9
1 5 10
0 7 11
1 7 10
0 6 11
1 9 11
0 8 11
1 11 7
0 12 7
1 5 11
0 6 12
1 5 12
0 5 9
1 6 10
0 12 8
1 5 13
0 5 14
1 12 9
0 6 5
1 11 9
0 9 9
1 8 10
0 9 10
1 13 9
0 14 9
1 11 6
0 11 8
1 13 8
0 6 13
1 7 12
0 8 5
1 10 5
0 7 4
1 8 3
0 9 6
1 10 7
0 5 6
1 3 8
0 3 6
1 5 5
0 1 6
1 2 6
0 1 5
1 13 10
0 13 11
1 13 6
0 13 7
1 11 10
0 10 11
1 12 6
0 8 4
1 12 10
0 7 3
1 11 11
0 10 12
1 10 6
0 14 6
1 11 5
0 12 4
1 1 7
0 6 3
1 5 2
0 7 2
1 7 1
0 14 8
1 14 7
0 6 4
1 9 4
0 6 2
1 6 1
0 5 1
1 4 0
0 9 5
