0
0 7 7
1 8 6
0 9 7
1 10 7
0 8 8
1 10 6
0 9 9
1 10 10
0 9 6
1 9 8
0 8 9
1 10 9
0 10 8
1 8 10
0 11 10
1 10 12
0 7 9
1 7 8
0 10 11
1 9 12
0 11 12
1 9 11
0 9 13
1 11 13
0 12 14
1 8 12
0 11 9
1 6 10
0 11 8
1 11 11
0 11 14
1 6 12
0 7 12
1 7 13
0 6 14
1 9 10
0 7 10
1 6 9
0 6 11
1 8 11
0 10 14
1 13 14
0 8 14
1 9 14
0 5 10
1 4 9
0 6 7
1 12 10
0 5 7
1 8 7
0 5 9
1 5 8
0 6 6
1 5 5
0 11 7
1 11 6
0 5 12
1 4 13
0 6 5
1 6 4
0 5 3
1 13 9
0 14 8
1 12 5
0 13 4
1 4 10
0 14 7
1 4 11
0 4 12
1 12 7
0 13 8
1 12 8
0 12 9
