1
0 7 7
1 7 8
0 8 8
1 5 6
0 8 7
1 6 6
0 6 8
1 8 6
0 7 6
1 9 10
0 8 9
1 9 7
0 10 8
1 8 11
0 7 10
1 9 8
0 9 9
1 7 9
0 7 12
1 10 10
0 6 12
1 8 10
0 9 12
1 8 12
0 7 13
1 12 10
0 11 10
1 7 11
0 5 11
1 4 10
0 7 5
1 8 13
0 8 14
1 9 13
0 6 10
1 7 4
0 6 11
1 6 9
0 6 13
1 6 14
0 5 12
1 4 13
0 4 11
1 3 10
0 4 12
1 3 12
0 5 10
1 5 9
0 5 14
1 5 13
0 3 13
1 2 14
0 7 14
1 3 11
0 3 9
1 6 5
0 8 3
1 6 4
0 6 3
1 8 4
0 9 4
1 10 3
0 6 1
1 7 2
0 5 3
1 7 3
0 8 1
1 8 2
0 5 5
1 6 2
0 5 1
1 10 2
0 9 2
1 7 1
0 7 0
1 10 4
0 9 3
1 9 5
0 10 6
1 10 1
0 10 0
1 10 5
