0
0 7 7
1 8 8
0 7 9
1 7 6
0 5 9
1 7 10
0 8 7
1 6 7
0 5 7
1 6 8
0 5 8
1 5 6
0 6 6
1 7 8
0 8 9
1 6 9
0 4 8
1 3 9
0 6 10
1 7 11
0 7 5
1 8 4
0 3 7
1 2 6
0 10 7
1 10 8
0 9 8
1 11 7
0 9 9
1 9 5
0 10 6
1 9 4
0 11 6
1 12 5
0 5 11
1 5 10
0 9 6
1 13 6
0 11 4
1 4 12
0 10 5
1 12 3
0 9 10
1 9 7
0 11 9
1 10 9
0 12 9
1 11 8
0 9 11
1 9 12
0 10 10
1 8 12
0 11 10
1 12 10
0 11 11
1 8 11
0 10 13
1 4 11
0 3 12
1 3 4
0 4 5
1 12 7
0 14 5
1 12 6
0 12 4
1 5 5
0 4 7
1 4 6
0 11 13
1 11 12
0 10 12
1 8 10
0 13 13
1 12 12
0 12 13
1 9 13
0 14 13
