0
0 7 7
1 6 7
0 6 6
1 5 5
0 7 5
1 7 8
0 8 9
1 5 8
0 8 6
1 5 6
0 5 7
1 8 4
0 8 7
1 8 8
0 6 8
1 9 5
0 9 7
1 6 4
0 7 3
1 4 5
0 3 4
1 7 4
0 5 4
1 10 4
0 9 4
1 3 7
0 5 9
1 4 10
0 7 9
1 4 6
0 2 8
1 6 9
0 4 7
1 3 9
0 9 11
1 8 10
0 11 7
1 10 7
0 10 8
1 11 9
0 12 6
1 13 5
0 7 6
1 6 5
0 8 3
1 2 5
0 3 5
1 3 10
0 3 8
1 4 9
0 2 11
1 10 5
0 12 5
1 4 11
0 4 12
1 5 10
0 3 12
1 7 10
0 6 10
1 10 3
0 10 6
1 9 6
0 8 5
1 1 11
0 2 10
1 2 9
0 5 12
1 2 12
0 5 13
1 3 11
0 12 8
1 12 7
0 4 13
1 1 10
0 3 13
1 5 11
0 2 13
1 1 13
0 6 13
