1
0 7 7
1 6 8
0 8 8
1 6 6
0 7 9
1 5 10
0 9 7
1 6 10
0 6 7
1 8 7
0 10 6
1 11 5
0 7 10
1 7 8
0 6 9
1 5 8
0 4 7
1 10 5
0 9 9
1 8 9
0 3 8
1 5 9
0 5 7
1 3 7
0 4 8
1 12 5
0 9 5
1 13 5
0 14 5
1 9 6
0 11 4
1 5 12
0 5 11
1 13 7
0 4 10
1 4 9
0 6 12
1 7 13
0 6 5
1 5 6
0 7 11
1 8 10
0 8 6
1 10 4
0 12 6
1 2 9
0 4 11
1 6 11
0 11 9
1 10 8
0 10 10
1 11 11
0 11 7
1 8 4
0 13 9
1 12 8
0 12 9
1 10 9
0 11 10
1 2 8
0 4 6
1 1 9
0 3 9
1 8 13
0 7 12
1 2 10
0 2 11
1 3 11
0 4 12
1 8 11
0 8 12
1 13 8
0 11 8
1 11 6
0 12 7
1 13 10
0 4 5
1 4 4
0 4 13
1 4 14
0 10 12
1 9 12
0 13 4
1 9 8
0 10 7
1 9 3
0 3 12
1 1 10
0 0 10
1 7 5
0 10 2
1 1 7
0 1 8
1 2 6
0 2 7
1 5 3
0 3 5
1 3 6
0 1 12
1 8 2
0 7 1
1 9 13
0 10 13
1 8 3
0 8 1
1 7 3
0 6 3
1 6 13
0 5 13
1 7 2
0 9 4
1 9 11
0 10 11
1 10 14
0 9 1
1 10 1
0 6 1
1 5 1
0 6 2
1 6 4
0 7 4
1 5 2
0 5 4
1 4 2
0 3 1
1 11 3
0 10 3
1 3 3
0 2 4
1 1 3
0 3 13
1 4 3
0 2 3
1 4 1
0 4 0
1 2 2
0 5 5
1 2 5
0 8 5
1 7 6
0 2 12
1 0 12
0 12 1
1 11 2
0 7 0
1 9 2
0 2 13
1 1 13
0 5 0
1 6 0
0 9 14
1 1 2
0 3 2
1 1 1
0 0 0
1 1 4
0 1 0
1 1 5
