0
0 7 7
1 8 6
0 9 8
1 6 6
0 7 6
1 8 7
0 7 5
1 7 8
0 8 5
1 8 9
0 6 7
1 5 8
0 7 4
1 7 3
0 6 5
1 9 5
0 9 6
1 6 3
0 8 3
1 5 6
0 9 4
1 10 3
0 11 8
1 10 7
0 8 4
1 10 4
0 5 4
1 6 4
0 6 8
1 10 5
0 10 6
1 11 3
0 12 2
1 13 3
0 12 3
1 8 8
0 8 10
1 10 1
0 10 2
1 11 1
0 9 1
1 6 9
0 5 5
1 4 5
0 12 5
1 12 4
0 3 7
1 5 7
0 5 9
1 8 11
0 7 10
1 6 10
0 4 3
1 3 2
0 4 10
1 3 11
0 5 11
1 11 2
0 11 4
1 3 9
0 3 10
1 4 11
0 5 10
1 2 10
0 4 8
1 1 9
0 4 12
1 2 9
0 4 9
1 4 7
0 9 9
1 3 8
0 1 10
1 3 6
0 2 5
1 10 10
0 2 6
1 1 5
0 6 12
1 11 7
0 7 11
1 5 13
0 10 8
