1
0 7 7
1 6 8
0 7 9
1 6 9
0 6 10
1 5 11
0 8 8
1 9 9
0 6 7
1 9 7
0 8 9
1 7 8
0 8 7
1 8 6
0 8 10
1 8 11
0 9 6
1 7 5
0 10 8
1 7 11
0 9 11
1 4 11
0 6 11
1 7 10
0 5 8
1 5 10
0 3 12
1 5 12
0 5 13
1 4 10
0 5 7
1 4 7
0 10 12
1 11 13
0 9 8
1 7 6
0 11 8
1 12 8
0 10 7
1 12 9
0 10 5
1 10 6
0 12 5
1 11 6
0 5 6
1 5 5
0 11 4
1 12 3
0 10 3
1 13 6
0 9 2
1 8 1
0 9 5
1 11 5
0 9 3
1 9 4
0 6 13
1 12 6
0 14 6
1 3 10
0 7 13
1 4 13
0 4 12
1 6 4
0 5 3
1 12 10
0 12 7
1 4 8
0 4 9
1 13 7
0 7 4
1 8 5
0 8 3
1 6 5
0 7 3
1 4 5
