1
0 7 7
1 6 8
0 6 9
1 7 9
0 5 7
1 8 9
0 4 7
1 6 7
0 9 10
1 5 8
0 4 9
1 4 8
0 7 8
1 8 7
0 3 8
1 8 10
0 8 8
1 9 9
0 2 7
1 1 6
0 5 6
1 6 5
0 10 9
1 10 12
0 9 11
1 6 6
0 6 4
1 8 11
0 2 9
1 1 10
0 3 9
1 5 9
0 7 11
1 3 7
0 2 6
1 2 8
0 1 9
1 0 9
0 5 10
1 6 11
0 3 12
1 4 11
0 3 11
1 3 10
0 2 10
1 4 12
0 10 8
1 8 12
0 8 13
1 9 12
0 7 12
1 11 8
0 4 13
1 7 10
0 10 7
1 10 6
0 10 10
1 10 11
0 9 8
1 10 13
0 11 14
1 11 12
0 12 12
1 12 11
0 13 10
1 11 11
0 9 14
1 12 10
0 9 13
1 13 9
0 14 8
1 11 10
0 11 9
1 12 9
0 13 8
1 12 8
0 12 7
1 11 7
0 9 5
1 14 10
