0
0 7 7
1 7 8
0 8 9
1 8 7
0 6 9
1 7 9
0 6 11
1 6 8
0 8 10
1 5 11
0 8 8
1 7 6
0 10 10
1 9 9
0 7 10
1 9 8
0 6 5
1 11 10
0 10 9
1 8 11
0 4 7
1 9 10
0 9 11
1 9 6
0 9 7
1 10 6
0 8 6
1 10 8
0 3 8
1 5 6
0 5 10
1 4 9
0 7 13
1 8 12
0 4 13
1 5 12
0 6 10
1 4 10
0 6 13
1 6 12
0 7 12
1 5 13
0 8 13
1 9 14
0 7 11
1 7 14
0 4 8
1 10 5
0 11 4
1 10 7
0 10 4
1 8 5
0 11 8
1 6 7
0 5 8
1 3 6
0 9 4
1 8 4
0 9 5
1 11 3
0 5 7
1 6 3
0 7 4
1 4 5
0 3 4
1 7 2
0 5 4
1 6 14
0 8 14
1 6 6
0 4 6
1 3 9
0 2 8
1 1 8
0 3 7
1 5 9
0 6 4
1 4 4
0 5 5
