1
0 7 7
1 8 8
0 7 9
1 8 7
0 8 6
1 6 8
0 7 8
1 7 10
0 5 6
1 7 6
0 6 5
1 8 9
0 4 7
1 3 8
0 9 7
1 9 8
0 6 11
1 10 7
0 11 6
1 10 5
0 7 4
1 8 3
0 10 8
1 11 9
0 9 11
1 10 9
0 11 10
1 8 11
0 8 10
1 7 12
0 9 10
1 9 12
0 10 13
1 5 8
0 6 9
1 10 12
0 8 12
1 6 7
0 4 9
1 4 8
0 2 8
1 9 9
0 12 9
1 3 9
0 7 5
1 6 4
0 8 5
1 5 5
0 13 8
1 3 7
0 3 6
1 5 9
0 2 6
1 4 6
0 7 3
1 5 7
0 2 10
1 6 10
0 7 11
1 5 10
0 5 11
1 3 11
0 3 10
1 14 7
0 5 2
1 6 3
0 7 13
1 10 10
0 8 13
1 9 13
0 11 11
1 6 6
0 2 7
1 2 9
0 1 8
1 4 5
0 7 2
1 7 1
0 8 14
1 3 5
0 2 4
1 2 5
0 1 5
1 4 2
0 3 4
1 4 4
0 4 3
1 6 2
0 5 3
1 6 1
0 6 0
1 4 10
0 2 12
1 5 1
0 4 1
1 8 1
0 9 1
1 3 3
0 2 2
1 8 2
0 8 0
1 1 11
0 1 6
1 1 7
0 0 11
1 10 4
0 11 12
1 10 3
0 10 6
1 11 5
0 9 3
1 10 2
0 10 1
1 9 2
0 11 4
1 13 5
0 12 5
1 12 2
0 11 2
1 11 3
0 13 1
1 14 6
0 12 4
1 12 6
0 13 4
1 12 3
0 7 0
1 9 0
0 4 0
1 5 0
0 11 13
1 11 14
0 11 1
1 12 1
0 12 8
1 14 8
0 13 7
1 14 9
0 14 5
1 14 10
