0
0 7 7
1 8 8
0 9 7
1 7 8
0 9 10
1 9 8
0 6 8
1 6 7
0 5 6
1 8 6
0 8 9
1 8 7
0 10 9
1 11 9
0 8 5
1 9 6
0 10 5
1 11 8
0 10 8
1 6 9
0 5 10
1 11 6
0 10 6
1 10 7
0 11 7
1 9 5
0 13 5
1 12 6
0 5 9
1 12 9
0 13 10
1 12 5
0 13 4
1 12 8
0 12 7
1 10 10
0 13 7
1 13 6
0 5 8
1 5 7
0 5 11
1 5 12
0 9 12
1 10 3
0 11 4
1 9 11
0 8 12
1 9 3
0 12 4
1 10 4
0 11 3
1 10 2
0 11 1
1 11 2
0 8 2
1 9 2
0 9 4
1 10 1
0 10 0
1 4 11
0 11 12
1 10 12
0 10 13
1 12 11
0 8 11
1 12 10
0 12 12
1 8 3
0 7 4
1 9 13
0 11 11
1 6 3
0 7 3
1 8 10
0 11 13
1 11 14
0 13 3
1 11 5
0 4 10
1 3 11
0 12 13
1 10 11
0 7 1
1 7 2
0 12 3
1 13 2
0 12 2
1 14 4
0 13 13
1 14 13
0 6 4
1 9 1
0 5 5
1 4 6
0 13 11
1 13 12
0 6 13
1 7 12
0 3 13
1 6 10
0 12 1
1 12 0
0 5 0
1 5 4
0 8 1
1 4 5
0 3 6
1 4 8
0 4 7
1 3 9
0 6 6
1 3 8
0 3 10
1 7 6
0 6 5
1 10 14
0 2 12
1 12 14
0 13 14
1 9 14
0 8 14
1 1 11
0 2 10
1 1 10
0 6 12
1 7 13
0 14 10
1 1 8
0 1 9
1 2 11
0 0 11
1 7 11
0 7 10
1 0 8
0 2 8
1 4 13
0 3 12
1 9 9
0 2 7
1 7 14
0 2 6
1 2 9
0 2 5
1 1 4
0 2 4
