1
0 7 7
1 6 6
0 7 5
1 6 7
0 9 7
1 5 6
0 9 6
1 7 8
0 4 5
1 8 9
0 9 10
1 4 6
0 3 6
1 6 9
0 6 8
1 8 6
0 7 6
1 9 9
0 10 9
1 5 9
0 7 9
1 5 7
0 5 8
1 10 10
0 7 4
1 7 3
0 6 3
1 8 5
0 7 2
1 5 4
0 5 5
1 9 8
0 3 5
1 6 5
0 8 11
1 7 12
0 3 4
1 3 7
0 6 4
1 4 7
0 2 7
1 10 7
0 11 6
1 4 11
0 5 10
1 3 8
0 2 9
1 8 8
0 8 7
1 11 8
0 10 8
1 4 8
0 2 6
1 2 8
0 1 8
1 0 9
0 1 5
1 2 5
0 4 4
1 1 7
0 3 9
1 1 9
0 0 10
1 11 11
0 12 12
1 7 10
0 6 11
1 7 11
0 6 10
1 7 13
0 7 14
1 8 12
0 11 9
1 6 12
0 9 12
1 4 12
0 5 12
1 4 13
0 4 10
1 5 13
0 8 10
1 6 13
0 3 13
1 8 13
