1
0 7 7
1 8 8
0 7 9
1 8 7
0 10 9
1 8 9
0 8 10
1 8 6
0 8 5
1 7 8
0 6 8
1 9 11
0 9 10
1 10 12
0 8 11
1 11 8
0 7 12
1 6 13
0 7 10
1 10 10
0 8 13
1 10 8
0 9 8
1 11 9
0 8 12
1 8 14
0 9 7
1 12 8
0 13 7
1 9 12
0 11 7
1 13 8
0 14 8
1 9 6
0 6 9
1 6 10
0 6 11
1 5 10
0 7 11
1 7 13
0 12 7
1 10 7
0 6 12
1 5 13
0 5 8
1 4 7
0 7 6
1 6 7
0 5 12
1 4 12
0 6 14
1 10 5
0 11 4
1 5 6
0 4 5
1 4 13
0 3 13
1 12 9
0 13 10
1 11 10
0 10 11
1 11 11
0 11 12
1 4 10
0 4 11
1 5 11
0 12 13
1 13 14
0 12 11
1 10 13
0 4 6
1 5 7
0 13 6
1 12 12
0 9 9
1 2 10
0 3 10
1 2 7
0 3 7
1 2 9
0 3 8
1 2 8
0 2 6
1 2 11
