0
0 7 7
1 8 6
0 7 5
1 8 7
0 8 8
1 6 6
0 7 6
1 7 8
0 5 9
1 6 9
0 9 6
1 5 10
0 4 11
1 6 7
0 6 8
1 5 6
0 8 9
1 3 9
0 3 11
1 4 10
0 5 11
1 6 11
0 6 10
1 9 7
0 8 12
1 7 11
0 4 12
1 7 9
0 3 13
1 2 14
0 2 11
1 1 11
0 8 11
1 8 10
0 7 4
1 7 3
0 2 10
1 5 13
0 9 9
1 8 13
0 7 12
1 6 12
0 4 14
1 4 5
0 3 4
1 6 13
0 7 13
1 10 10
0 2 12
1 2 9
0 3 12
1 1 12
0 1 10
1 4 13
0 1 9
1 0 8
0 7 10
1 6 3
0 10 7
1 3 6
0 5 4
1 8 4
0 8 5
1 11 8
0 4 4
1 6 4
0 6 5
1 10 5
0 4 6
1 9 5
0 10 6
1 6 2
0 5 1
1 8 2
0 9 1
1 8 3
0 5 3
1 5 2
0 7 2
1 3 7
0 3 8
1 6 1
0 6 0
1 3 10
0 3 2
1 4 3
0 11 6
1 9 8
0 3 3
1 3 1
0 2 4
1 1 4
0 4 2
