1
0 7 7
1 6 8
0 5 7
1 5 8
0 4 8
1 8 8
0 3 9
1 6 6
0 2 10
1 1 11
0 5 9
1 6 7
0 6 9
1 4 9
0 7 6
1 7 8
0 9 8
1 9 7
0 6 10
1 3 7
0 7 11
1 8 12
0 6 5
1 8 7
0 8 9
1 3 10
0 2 11
1 10 6
0 11 5
1 10 7
0 9 9
1 7 9
0 5 6
1 10 5
0 10 8
1 11 7
0 12 7
1 9 6
0 11 4
1 11 8
0 8 5
1 11 9
0 11 10
1 3 13
0 8 3
1 7 4
0 8 4
1 8 2
0 5 5
1 7 5
0 5 3
1 5 4
0 7 3
1 10 3
0 10 4
1 6 3
0 12 6
1 13 7
0 12 8
1 12 5
0 12 9
1 12 10
0 6 2
1 5 1
0 12 4
1 9 4
0 4 5
1 3 5
0 8 10
1 6 12
0 13 4
1 14 4
0 11 2
1 11 3
0 6 11
1 7 10
0 12 3
1 10 1
0 13 8
1 10 11
0 12 2
1 9 3
0 9 5
1 5 2
0 13 1
1 4 1
0 3 0
1 3 4
0 3 6
1 6 1
0 7 1
1 4 3
0 2 5
1 7 0
