0
0 7 7
1 7 6
0 6 6
1 8 8
0 6 7
1 9 8
0 6 8
1 6 9
0 8 6
1 5 9
0 6 5
1 6 4
0 5 7
1 4 7
0 5 8
1 4 8
0 4 9
1 7 11
0 6 10
1 8 7
0 8 10
1 7 9
0 3 10
1 2 11
0 5 10
1 7 10
0 7 12
1 6 11
0 8 9
1 10 9
0 11 10
1 11 8
0 12 8
1 8 11
0 5 11
1 9 11
0 10 11
1 11 12
0 4 10
1 2 10
0 12 7
1 12 9
0 9 5
1 10 4
0 8 5
1 7 5
0 13 9
1 11 7
0 6 12
1 7 13
0 2 8
1 3 9
0 7 8
1 9 10
0 9 9
1 9 12
0 10 13
1 8 12
0 10 10
1 9 13
0 9 14
1 1 11
0 0 12
1 10 12
0 12 12
1 11 11
0 8 14
1 11 5
0 11 6
1 10 6
0 9 7
1 10 3
0 10 5
1 13 8
0 7 14
1 11 14
0 6 14
1 5 14
0 10 14
