1
0 7 7
1 7 8
0 6 8
1 5 9
0 8 10
1 5 7
0 7 10
1 5 10
0 5 8
1 6 9
0 8 7
1 8 9
0 7 9
1 9 10
0 6 7
1 4 10
0 9 7
1 10 7
0 10 6
1 8 8
0 10 12
1 9 11
0 4 8
1 3 10
0 2 10
1 9 9
0 9 12
1 4 11
0 3 12
1 4 13
0 4 12
1 11 12
0 10 11
1 5 12
0 2 9
1 2 8
0 5 11
1 6 13
0 7 14
1 7 12
0 10 9
1 10 10
0 7 13
1 11 10
0 11 11
1 12 10
0 13 10
1 6 11
0 4 9
1 3 11
0 7 6
1 8 5
0 9 6
1 8 6
0 1 13
1 12 8
0 11 9
1 12 9
0 12 11
1 12 6
0 12 7
1 12 5
0 13 11
1 14 11
0 9 8
1 6 5
0 9 5
1 9 4
0 12 4
1 9 14
0 8 13
1 4 6
0 13 13
1 13 12
0 11 5
1 13 3
0 7 3
1 8 4
0 6 10
1 3 13
0 11 4
1 8 3
0 8 2
1 7 4
0 9 2
1 6 4
0 5 4
1 10 4
