0
0 7 7
1 6 8
0 6 9
1 7 9
0 5 7
1 6 7
0 8 7
1 7 8
0 8 8
1 6 6
0 8 9
1 8 10
0 5 8
1 6 5
0 6 4
1 5 6
0 4 7
1 3 6
0 4 6
1 4 5
0 3 4
1 9 11
0 10 12
1 5 5
0 3 5
1 5 4
0 6 3
1 4 3
0 3 2
1 7 10
0 2 4
1 1 3
0 8 6
1 8 5
0 7 5
1 5 3
0 5 2
1 7 11
0 7 12
1 3 3
0 2 3
1 1 4
0 2 2
1 2 5
0 7 2
1 6 2
0 1 2
1 4 2
0 8 12
1 9 12
0 9 10
1 8 11
0 10 11
1 10 13
0 11 14
1 4 1
0 4 4
1 6 12
0 9 9
1 2 7
0 1 8
1 5 13
0 4 14
1 5 11
0 6 11
1 3 9
0 4 10
1 11 12
0 8 13
1 5 10
0 5 12
1 1 6
0 7 3
1 7 4
0 10 8
1 9 7
0 4 8
1 4 9
0 3 8
1 2 8
0 2 9
1 4 11
0 10 10
1 10 9
0 11 11
