0
0 7 7
1 6 6
0 5 7
1 7 6
0 8 6
1 6 8
0 6 7
1 8 7
0 9 8
1 7 8
0 5 8
1 5 6
0 4 7
1 3 7
0 4 6
1 6 9
0 9 6
1 7 9
0 4 9
1 4 8
0 3 10
1 2 11
0 5 10
1 2 7
0 5 9
1 5 11
0 9 7
1 9 9
0 9 5
1 9 4
0 6 10
1 4 10
0 6 11
1 7 12
0 7 5
1 6 4
0 8 5
1 6 5
0 11 5
1 10 5
0 10 6
1 12 4
0 1 9
1 7 10
0 7 11
1 10 9
0 8 9
1 4 3
0 5 4
1 2 8
0 6 12
1 2 9
0 2 10
1 2 5
0 2 6
1 5 2
0 3 4
1 3 11
0 11 6
1 12 6
0 10 7
1 12 5
0 12 3
1 11 8
0 9 10
1 1 7
0 3 9
1 1 11
0 4 11
1 12 8
0 12 7
1 3 8
0 6 13
1 6 14
0 11 3
1 10 4
0 11 4
1 11 2
0 11 7
