0
0 7 7
1 8 6
0 9 7
1 9 6
0 10 6
1 9 8
0 7 4
1 8 7
0 8 8
1 11 5
0 6 6
1 5 5
0 10 10
1 9 9
0 10 5
1 6 5
0 10 9
1 7 5
0 8 5
1 6 9
0 10 4
1 10 3
0 7 9
1 6 10
0 7 10
1 7 8
0 5 10
1 12 5
0 7 6
1 11 4
0 13 6
1 11 6
0 10 7
1 10 8
0 11 7
1 12 7
0 9 5
1 12 8
0 12 6
1 13 8
0 11 8
1 4 5
0 3 5
1 11 3
0 11 2
1 6 11
0 6 8
1 5 7
0 5 6
1 6 12
0 6 13
1 13 3
0 12 3
1 7 11
0 8 10
1 9 11
0 8 11
1 9 10
0 9 12
1 9 2
0 8 1
1 8 12
0 5 9
1 13 4
0 7 3
1 8 4
0 5 11
1 5 12
0 10 13
1 11 14
0 10 11
1 10 12
0 11 10
1 8 13
0 11 11
1 11 9
0 4 10
1 3 11
0 6 7
1 5 8
0 4 12
1 10 14
0 9 13
1 9 14
0 8 14
1 13 2
0 13 1
1 7 2
0 4 13
1 4 11
0 5 13
1 3 13
0 3 12
1 8 2
0 6 2
1 4 6
0 5 3
1 4 4
0 4 3
1 6 3
0 1 10
1 2 11
0 3 6
1 1 11
0 0 11
1 4 7
0 4 8
1 3 7
0 2 8
1 12 4
0 1 7
1 3 9
0 1 8
1 10 2
0 9 1
1 11 1
0 9 3
1 13 5
0 14 6
1 12 14
0 13 14
1 10 1
0 1 6
1 1 9
0 2 5
1 5 2
0 3 8
1 0 8
0 1 5
1 1 4
0 2 7
1 4 9
0 2 6
1 2 4
0 2 9
