0
0 7 7
1 8 8
0 7 9
1 7 6
0 6 8
1 8 6
0 8 10
1 5 7
0 8 5
1 6 6
0 9 6
1 7 5
0 4 8
1 9 7
0 6 4
1 10 8
0 11 9
1 5 6
0 4 6
1 8 4
0 9 3
1 4 7
0 9 11
1 10 12
0 2 8
1 5 8
0 5 9
1 5 5
0 5 4
1 9 8
0 12 8
1 10 10
0 10 9
1 9 9
0 4 10
1 3 11
0 8 9
1 7 4
0 6 5
1 4 11
0 9 10
1 11 11
0 12 12
1 7 3
0 7 2
1 9 5
0 6 2
1 6 3
0 11 12
1 10 11
0 13 9
1 11 7
0 10 6
1 10 13
0 10 14
1 5 11
0 2 11
1 12 6
0 13 5
1 7 11
0 6 11
1 6 10
0 12 9
1 14 9
0 11 8
1 10 7
0 13 7
1 12 7
0 8 7
1 6 9
0 7 10
1 4 3
0 5 3
1 9 13
0 13 6
1 13 8
0 7 12
1 8 11
0 1 9
1 2 5
0 3 6
1 10 5
0 11 6
1 13 11
0 3 7
1 0 10
0 3 5
1 7 1
0 3 8
1 3 4
0 3 9
