0
0 7 7
1 8 6
0 7 5
1 7 8
0 5 5
1 8 8
0 6 7
1 9 8
0 10 8
1 8 7
0 8 5
1 6 5
0 7 6
1 5 8
0 6 8
1 8 10
0 8 9
1 6 9
0 9 6
1 7 4
0 4 7
1 5 10
0 4 11
1 5 7
0 5 9
1 8 3
0 9 2
1 9 4
0 4 10
1 3 11
0 4 9
1 4 8
0 6 4
1 3 9
0 2 10
1 7 2
0 10 5
1 3 10
0 3 8
1 3 12
0 3 13
1 8 4
0 2 9
1 1 10
0 2 7
1 2 8
0 4 13
1 4 12
0 5 13
1 2 13
0 1 6
1 0 5
0 11 5
1 9 5
0 7 3
1 8 2
0 3 7
1 4 6
0 1 7
1 0 7
0 1 8
1 1 5
0 10 6
1 10 7
0 6 13
1 7 13
0 4 5
1 3 6
0 10 4
1 8 1
0 8 0
1 0 6
0 0 4
1 6 1
0 5 0
1 5 12
0 6 12
1 2 12
0 1 12
1 0 8
0 0 9
1 7 1
0 5 1
1 10 1
0 9 1
1 5 6
0 11 4
1 5 2
0 12 5
1 10 3
0 6 2
1 9 3
0 11 3
1 11 6
0 13 5
1 12 4
0 14 5
