1
0 7 7
1 6 8
0 7 9
1 6 9
0 6 10
1 8 8
0 7 8
1 7 10
0 5 8
1 8 9
0 5 11
1 8 7
0 8 6
1 10 7
0 11 6
1 6 11
0 9 8
1 4 13
0 5 12
1 11 7
0 7 5
1 7 6
0 5 10
1 5 9
0 3 13
1 4 12
0 5 13
1 5 14
0 6 4
1 5 3
0 8 10
1 12 7
0 9 7
1 10 8
0 6 12
1 7 11
0 9 6
1 9 9
0 9 5
1 9 4
0 12 6
1 10 6
0 10 9
1 8 5
0 10 3
1 10 4
0 10 5
1 11 4
0 12 4
1 13 7
0 14 7
1 8 4
0 7 4
1 4 10
0 4 11
1 3 10
0 1 11
1 3 14
0 2 11
1 3 11
0 2 12
1 4 14
0 6 14
1 2 10
0 1 10
1 1 14
0 2 14
1 3 9
0 3 8
1 2 9
0 4 9
1 1 9
0 0 8
1 5 4
0 6 5
1 8 3
0 1 6
1 2 7
0 6 3
1 6 6
0 6 2
1 6 1
0 5 2
1 8 2
0 8 1
1 7 2
0 5 0
1 5 7
0 4 8
1 2 8
0 2 6
1 3 7
0 4 7
1 5 6
0 5 5
1 4 6
0 0 10
1 3 6
