0
0 7 7
1 6 6
0 7 5
1 6 5
0 6 4
1 8 6
0 9 5
1 7 6
0 9 6
1 9 4
0 8 7
1 5 3
0 10 5
1 11 4
0 8 5
1 11 5
0 10 7
1 11 8
0 11 7
1 9 7
0 12 4
1 10 6
0 6 9
1 7 8
0 11 3
1 5 6
0 4 6
1 6 7
0 8 9
1 4 5
0 3 4
1 5 5
0 5 4
1 4 4
0 3 5
1 8 3
0 7 4
1 6 3
0 9 3
1 3 3
0 2 2
1 7 3
0 4 3
1 5 8
0 8 8
1 3 1
0 8 10
1 8 11
0 9 9
1 10 9
0 12 6
1 10 8
0 12 7
1 12 5
0 13 5
1 10 2
0 10 10
1 11 11
0 7 10
1 9 10
0 7 12
1 9 8
0 7 11
1 7 13
0 13 7
1 14 7
0 13 6
1 13 8
0 12 8
1 11 9
0 12 10
1 12 9
0 11 10
1 14 9
0 13 9
1 4 9
0 3 10
1 14 6
0 14 8
1 5 7
0 5 9
1 7 9
0 3 2
1 5 2
0 6 12
1 5 13
0 8 12
1 6 10
0 5 12
1 4 12
0 9 12
