0
0 7 7
1 7 6
0 8 6
1 5 8
0 6 7
1 5 7
0 4 7
1 6 8
0 5 6
1 8 7
0 4 10
1 6 5
0 9 8
1 5 9
0 4 5
1 3 4
0 5 10
1 7 8
0 4 8
1 4 6
0 3 5
1 5 4
0 4 3
1 9 6
0 10 5
1 2 4
0 4 4
1 4 11
0 5 5
1 6 6
0 6 2
1 5 3
0 3 10
1 6 10
0 4 2
1 4 1
0 2 10
1 1 10
0 7 9
1 5 2
0 6 3
1 1 4
0 5 0
1 2 3
0 3 3
1 3 2
0 0 5
1 2 5
0 2 2
1 1 1
0 5 1
1 2 6
0 2 7
1 1 3
0 1 2
1 1 6
0 8 4
1 7 3
0 3 9
1 1 7
0 1 5
1 1 9
0 1 8
1 1 11
0 3 6
1 0 9
0 3 8
1 3 7
0 0 2
1 2 8
0 0 10
1 1 12
0 1 13
1 2 11
0 6 11
1 4 9
0 3 11
1 3 12
0 4 13
1 8 9
0 0 4
1 0 3
0 2 13
1 3 13
0 2 12
1 0 14
0 10 4
1 7 4
0 5 12
1 7 5
0 7 2
1 8 3
0 9 2
1 10 2
0 10 6
1 10 7
0 9 5
1 11 3
0 11 7
1 12 8
0 11 5
1 12 5
0 8 8
1 9 7
0 11 8
1 11 6
0 6 1
1 6 0
0 8 1
1 9 10
0 9 1
1 7 1
0 9 3
1 9 4
0 12 6
1 8 2
0 13 7
