0
0 7 7
1 7 8
0 6 8
1 8 6
0 6 7
1 6 6
0 7 6
1 6 9
0 5 8
1 8 5
0 8 7
1 5 7
0 4 8
1 5 9
0 6 5
1 5 4
0 9 8
1 10 9
0 7 9
1 4 9
0 3 8
1 2 8
0 2 9
1 5 6
0 1 10
1 5 3
0 5 5
1 4 7
0 9 7
1 10 7
0 7 4
1 7 5
0 10 6
1 11 5
0 9 9
1 9 6
0 6 10
1 8 8
0 9 10
1 9 11
0 3 9
1 10 5
0 9 5
1 6 4
0 4 2
1 2 7
0 2 5
1 3 7
0 1 7
1 8 4
0 9 3
1 12 9
0 11 8
1 1 9
0 2 3
1 4 6
0 0 10
1 3 6
0 2 6
1 6 3
0 4 5
1 3 5
0 2 4
1 2 2
0 7 10
1 10 10
0 3 3
1 1 5
0 5 1
1 6 0
0 5 10
1 8 10
0 3 10
1 4 10
0 1 3
1 10 11
0 10 8
1 11 3
0 3 12
1 3 11
0 5 12
1 4 11
0 4 12
1 6 12
0 4 13
1 8 9
0 2 11
1 0 9
0 5 14
