0
0 7 7
1 8 6
0 7 5
1 8 5
0 8 4
1 6 6
0 7 6
1 7 4
0 6 2
1 9 6
0 6 3
1 8 7
0 7 3
1 9 5
0 5 8
1 7 8
0 6 9
1 9 3
0 9 4
1 8 9
0 8 8
1 6 7
0 9 10
1 5 6
0 4 5
1 6 5
0 4 7
1 7 10
0 10 7
1 3 6
0 4 6
1 4 4
0 4 8
1 4 9
0 5 1
1 4 0
0 6 4
1 8 2
0 6 0
1 6 1
0 3 7
1 5 5
0 1 5
1 2 6
0 3 8
1 2 8
0 5 3
1 4 3
0 5 2
1 4 2
0 4 1
1 11 3
0 10 4
1 2 7
0 2 9
1 5 4
0 1 10
1 0 11
0 12 4
1 11 4
0 10 5
1 10 6
0 11 6
1 12 7
0 12 5
1 13 4
0 12 3
1 12 2
0 12 6
1 8 3
0 9 2
1 6 11
0 5 12
1 11 1
0 11 2
1 13 3
0 4 11
1 3 10
0 10 0
1 13 1
0 13 2
1 12 1
0 10 1
1 2 2
0 3 3
1 2 4
0 2 5
1 1 4
0 3 4
1 3 5
0 10 2
1 10 3
0 4 12
1 1 7
0 0 8
1 3 2
0 2 1
1 1 2
0 0 2
1 4 10
0 5 11
1 6 10
0 5 10
1 5 9
0 3 12
1 2 13
0 2 12
1 1 12
0 6 12
