0
0 7 7
1 8 6
0 9 7
1 6 7
0 9 9
1 5 6
0 7 8
1 6 6
0 7 6
1 7 9
0 6 8
1 9 8
0 8 7
1 10 7
0 5 8
1 4 8
0 5 10
1 9 6
0 8 5
1 11 6
0 8 9
1 10 6
0 12 6
1 10 8
0 10 9
1 11 8
0 12 8
1 11 9
0 11 7
1 7 5
0 5 7
1 12 5
0 13 4
1 10 5
0 10 4
1 9 4
0 8 3
1 12 7
0 13 8
1 12 9
0 13 10
1 11 5
0 13 5
1 4 7
0 3 8
1 4 9
0 4 6
1 6 4
0 13 9
1 13 11
0 4 11
1 6 9
0 5 9
1 5 11
0 3 11
1 4 10
0 3 5
1 2 4
0 3 9
1 3 10
0 13 6
1 13 7
0 8 8
1 12 10
0 14 12
1 6 3
0 6 5
1 4 2
0 5 3
1 5 2
0 3 7
1 3 6
0 8 11
1 8 10
0 13 3
1 13 2
0 12 3
1 5 4
0 4 5
1 4 4
0 3 4
1 8 4
0 7 4
1 10 2
0 9 3
1 11 3
0 10 1
1 9 2
0 11 2
1 9 0
0 14 5
