1
0 7 7
1 6 6
0 7 5
1 6 7
0 9 5
1 7 6
0 8 6
1 6 8
0 6 5
1 8 5
0 5 8
1 6 9
0 6 10
1 4 6
0 5 11
1 7 9
0 5 7
1 6 4
0 5 9
1 5 10
0 7 11
1 4 8
0 10 4
1 11 3
0 8 12
1 9 13
0 4 11
1 6 11
0 7 12
1 4 9
0 4 7
1 5 6
0 3 6
1 8 9
0 9 10
1 4 5
0 7 8
1 3 7
0 5 5
1 2 7
0 3 8
1 5 12
0 7 10
1 8 10
0 7 13
1 7 14
0 9 11
1 10 10
0 8 11
1 6 13
0 9 12
1 10 12
0 9 9
1 9 8
0 10 13
1 11 14
0 11 11
1 10 11
0 10 9
1 11 8
0 2 5
1 1 4
0 11 4
1 10 8
0 12 8
1 10 7
0 9 6
1 9 4
0 10 3
1 10 5
0 11 6
1 10 6
0 12 5
1 13 6
0 12 6
1 12 7
0 9 2
1 8 1
0 13 7
1 11 5
0 12 11
1 9 7
0 8 8
1 8 7
0 11 7
1 13 3
0 12 4
1 13 4
0 12 3
1 12 2
0 11 12
1 13 10
0 11 10
1 11 9
0 4 12
1 13 2
0 13 5
1 13 1
0 13 0
1 11 1
0 3 13
1 2 14
0 14 4
1 12 1
0 10 1
1 13 11
0 12 10
1 12 9
0 14 11
1 2 3
0 3 4
1 4 3
0 10 2
1 10 0
0 3 5
1 3 3
0 6 3
1 1 3
0 0 3
1 5 3
