0
0 7 7
1 8 6
0 9 7
1 6 7
0 9 9
1 7 6
0 9 6
1 9 8
0 7 4
1 8 7
0 10 9
1 8 5
0 8 8
1 10 10
0 9 4
1 7 9
0 10 4
1 8 4
0 8 3
1 6 5
0 5 4
1 4 6
0 6 6
1 5 5
0 9 5
1 9 3
0 10 5
1 7 2
0 11 6
1 12 7
0 10 2
1 10 3
0 11 9
1 12 9
0 11 8
1 11 7
0 7 5
1 9 10
0 8 10
1 12 10
0 12 8
1 8 9
0 7 8
1 6 4
0 3 7
1 8 2
0 7 3
1 6 2
0 5 2
1 11 10
0 13 10
1 4 9
0 5 8
1 5 9
0 6 9
1 7 10
0 6 11
1 13 8
0 10 11
1 6 3
0 6 1
1 4 5
0 7 11
1 6 12
0 9 11
1 8 11
0 2 6
1 13 7
0 10 7
1 13 6
0 13 5
1 4 8
0 4 7
1 4 10
0 12 5
1 11 5
0 13 4
1 14 3
0 12 4
1 11 4
0 11 3
1 9 1
0 14 6
