0
0 7 7
1 7 6
0 8 6
1 9 5
0 7 5
1 9 7
0 9 6
1 10 6
0 8 8
1 8 4
0 11 7
1 7 3
0 6 2
1 10 5
0 8 7
1 8 9
0 9 9
1 10 10
0 10 8
1 8 10
0 11 8
1 9 8
0 7 10
1 11 5
0 12 5
1 12 4
0 13 3
1 10 7
0 5 5
1 6 6
0 6 5
1 4 5
0 10 4
1 8 3
0 13 5
1 12 6
0 13 6
1 13 4
0 12 7
1 10 9
0 11 10
1 11 9
0 10 3
1 11 4
0 11 3
1 12 3
0 13 8
1 8 2
0 8 1
1 7 2
0 9 4
1 7 1
0 12 8
1 14 8
0 12 9
1 10 11
0 11 2
1 12 1
0 13 9
1 13 7
0 7 4
1 13 2
0 14 1
1 6 3
0 5 3
1 5 4
0 3 6
1 7 8
0 11 12
1 12 2
0 12 0
1 5 6
0 6 7
1 10 12
0 10 13
1 9 11
0 11 13
1 8 11
0 11 11
1 11 14
0 8 12
1 9 14
0 12 11
1 12 10
0 4 7
1 5 7
0 7 9
1 10 14
0 12 14
1 7 11
0 6 11
1 7 14
0 8 14
1 14 9
0 6 4
1 4 2
0 2 5
1 6 9
0 1 4
1 0 3
0 5 8
