0
0 7 7
1 8 6
0 9 7
1 7 6
0 6 6
1 8 8
0 8 7
1 6 7
0 5 8
1 7 8
0 9 8
1 9 6
0 10 7
1 11 7
0 10 9
1 5 6
0 8 9
1 11 6
0 10 6
1 10 8
0 7 10
1 6 11
0 8 11
1 6 9
0 9 9
1 11 9
0 11 8
1 9 10
0 6 10
1 5 10
0 4 8
1 4 11
0 3 12
1 4 5
0 3 4
1 3 8
0 4 9
1 4 7
0 2 9
1 3 9
0 11 10
1 12 11
0 3 7
1 5 9
0 2 11
1 5 11
0 1 12
1 3 10
0 2 12
1 5 12
0 5 13
1 2 10
0 4 10
1 6 5
0 7 4
1 5 5
0 3 5
1 5 4
0 5 3
1 3 6
0 6 3
1 8 5
0 7 5
1 4 3
0 3 2
1 9 4
0 10 3
1 6 13
0 7 14
1 1 8
0 2 7
1 4 6
0 4 4
1 2 6
0 1 6
1 4 12
0 8 4
1 5 7
0 6 2
1 7 1
0 3 1
1 3 3
0 4 2
1 6 4
0 5 2
1 2 2
0 7 2
