1
0 7 7
1 7 8
0 6 8
1 5 9
0 7 9
1 5 7
0 5 8
1 4 8
0 6 10
1 6 6
0 3 9
1 7 5
0 8 4
1 4 7
0 6 9
1 6 11
0 5 11
1 4 12
0 4 10
1 6 12
0 3 10
1 5 10
0 7 12
1 3 7
0 2 7
1 2 6
0 1 5
1 4 9
0 9 7
1 8 8
0 8 7
1 10 7
0 4 6
1 6 5
0 1 7
1 2 8
0 1 8
1 1 6
0 2 9
1 4 11
0 3 12
1 3 11
0 4 5
1 3 6
0 3 5
1 2 5
0 1 10
1 6 4
0 6 3
1 7 4
0 5 6
1 7 3
0 7 2
1 3 4
0 4 3
1 8 5
0 9 5
1 9 6
0 11 8
1 1 4
0 0 3
1 5 4
0 4 4
1 4 2
0 5 3
1 8 2
0 9 1
1 3 3
0 2 10
1 0 10
0 2 11
1 4 13
0 1 11
1 1 9
0 7 1
1 6 2
0 8 1
1 6 1
0 2 13
1 2 12
0 10 1
1 11 1
0 8 6
1 10 4
0 9 2
1 5 1
0 2 4
1 7 10
0 9 8
1 5 12
0 3 14
1 8 9
